1.000008152637268388e+00 2.911232136315716995e-04 1.660826088782931426e-06 -2.863932587454034181e-06 6.476601289698725819e-06
-9.690100150973779248e-06 1.004615939744927022e+00 4.981500236693003989e-05 3.285259355619847110e-05 1.112709971345743153e-04
6.711866002182951682e-06 -3.890871035043850048e-04 -6.791021165121142783e-05 9.389341329424965763e-05 -5.330685384042661298e-05
-2.623134150656742888e-04 -1.867068109181032123e-02 -1.073062483802730062e-04 1.806300220530798045e-04 -2.449617995923826768e-04
-1.683100899535749830e-07 1.403326865057051349e-05 -5.905050708062620224e-01 -5.724724564935507187e-01 5.682565933429566396e-01
-6.401940563331152542e-07 -6.215204793199971577e-05 7.883602399490050594e-01 -2.604829288705197143e-01 5.566758598179066819e-01
-2.124708786247847679e-07 -7.092818762347006026e-05 -1.708002850776104142e-01 7.769684372092380276e-01 6.051975262185436133e-01
-7.627443035580885201e-07 -1.151529755853648916e-04 4.378898273655422099e-03 4.428135270494700133e-03 -4.736536708708447355e-03
-1.235433747150288400e-06 -2.018778476412567643e-04 -6.122942870129492038e-03 1.871644292321443959e-03 -5.070234169117806416e-03
3.581491554105964877e-07 3.693036325750960350e-05 1.120822959471771832e-03 -6.427634999949758191e-03 -5.619767264994460741e-03
-1.563716886346220915e-06 -1.468579100939485199e-04 4.398460164790260300e-03 4.195276840673811333e-03 -4.335575451566001104e-03
-2.528205696716589565e-06 -2.339892696561629440e-04 -5.835464716000753754e-03 1.966576881081571245e-03 -4.141231302134651057e-03
1.409038581298817789e-08 1.726023860868414577e-05 1.314965461992362089e-03 -5.562484964304792619e-03 -4.423591754122158104e-03
-2.361974217251221043e-06 -3.106003215612821193e-04 -3.935704810505761511e-04 1.654102710480491077e-04 -1.026814065878578930e-04
-3.737890455740274640e-06 -4.813059087390446399e-04 1.065654916857314435e-04 -1.778770103447728539e-05 3.255117180440702282e-04
-1.570371282032599589e-06 -1.762692438908567587e-04 2.038231742589247304e-04 -2.448183969227468401e-04 2.254870862930526099e-04
-2.298084376740931205e-06 -3.161981025658122451e-04 1.651514395041201008e-04 5.418268031962783938e-05 2.527733891205671894e-05
1.093722537561535748e-06 1.341676732700839759e-04 3.400798758154198833e-04 -3.921214429953952989e-04 2.776898005082459168e-04
