-2.832101077684990309e-01 -9.341499871108142894e-02 -1.844665121763106855e-07 -7.345165476876706961e-07 -4.891750242090699054e-07 3.907699381024531265e-02 -8.640798830284155116e-07 -8.873469326770951916e-08 -4.279097562199520496e-07 1.650451978566406896e-06 -2.272580734405131889e-06 3.948504687074676683e-08 -8.000262160313956824e-07 -2.500695705202815610e-07 -1.562507297898061212e-02 -9.933699813983442868e-06 -5.091166009497533073e-06 1.138769155839695979e-05
7.734990722205753455e-01 4.114961817143998335e-01 8.200375144643170031e-07 3.281013768750464818e-06 2.183949495253337006e-06 -1.843012026044373031e-01 4.195563733673000451e-06 4.505767370819613672e-07 2.115901253938876445e-06 -7.646694759803857277e-06 1.050826529693594445e-05 -1.605585094527635098e-07 3.872343775359260813e-06 1.181560513253007109e-06 7.356483557671240903e-02 4.675569225047168968e-05 2.378647322172392113e-05 -5.343072422360250405e-05
-1.572327302150226813e-02 1.252832262369602823e-01 3.092009393137129002e-07 1.278507373798351930e-06 8.558619463016231985e-07 -6.345259111857080858e-02 2.211565274568630746e-06 3.791701718860676249e-07 1.372718025995113638e-06 -1.298228706032564675e-06 1.637974741720448308e-06 1.337648069205866594e-07 1.865237947501117459e-06 3.670253706772970322e-07 1.810058534820716686e-02 1.107006221858711841e-05 4.314943909959131732e-06 -1.138993235359635856e-05
-2.110938400595015890e-02 9.792913898468655898e-01 1.860742541005245970e-06 7.477383856665989465e-06 4.955786017085658370e-06 -8.189850632054507251e-01 1.697634003795766547e-05 1.448623552362961749e-06 7.908947624513910726e-06 -3.988373979353537530e-05 5.523921072858869677e-05 -1.200201522706547215e-06 1.667900851464545781e-05 5.722955756587316664e-06 3.920488993512051823e-01 2.529008636892074143e-04 1.330564409355663199e-04 -2.932262582195307738e-04
6.516411772002732306e-03 3.038559972740143347e-02 1.137977424383665376e-07 8.556701372571716493e-08 1.190392534747849321e-07 1.260970872887651195e+00 -2.695187103428150631e-05 -1.807115405126566528e-06 -1.204821333964417227e-05 8.006018127553320173e-05 -1.113915020679973159e-04 1.594980256225654164e-06 -3.123680390369050713e-05 -1.163617955008535743e-05 -9.764664694016506052e-01 -6.552385043959435681e-04 -3.516981122379233345e-04 7.666059230804771370e-04
-2.052924687334850302e-03 -6.062838644618919956e-03 -3.755883765732852018e-08 4.309184692208428521e-08 1.430308605760668970e-09 3.197310393232413034e-02 -4.634977633952331166e-06 -3.923066131749088659e-06 -6.946058463348676102e-06 -7.208634999159510017e-05 1.041533023380007217e-04 2.140015450042425531e-06 1.091855355573764810e-05 1.028259863789891843e-05 1.273342960590205353e+00 1.082888327750800624e-03 6.690090200317588354e-04 -1.356226829977970338e-03
7.290458729762202801e-04 1.989586970629626805e-03 -2.387591243719842470e-08 -1.471476793221796112e-07 -9.821911988278396708e-08 -8.464992983544267907e-03 1.540618322960628334e-05 7.161379129488254088e-06 1.675777872542028388e-05 4.502749537525124382e-05 -7.489495713720486613e-05 -1.426008231259533907e-05 2.836512810993234093e-05 -7.788094939705034208e-06 -2.507411628063063724e-02 -1.247267015489485816e-03 -1.129781411988608651e-03 1.943696622218752399e-03
-3.276604570733316203e-04 -8.877043509468245629e-04 -1.187317515559510120e-09 2.065663596712949091e-08 1.691639500798370334e-08 3.757240693607154149e-03 -2.942475547081673579e-06 -9.582109556312087658e-07 -3.175146683964413434e-06 -9.213283943387876967e-06 1.579719982978026414e-05 6.984887236296688218e-06 -1.125304732121577540e-05 3.836345169439286391e-06 5.620053894353872065e-03 3.578398229459902572e-04 2.742999983405479099e-04 -5.306433410121472530e-04
4.593927014155299491e-08 -4.785076427189684849e-06 -1.260942083656533541e-01 8.068476114803966315e-01 -1.754406248293765846e-01 7.616863476120360778e-06 3.947089268695772590e-01 8.439305731937992230e-03 -2.423183913921996002e-02 3.859637433111572042e-06 -3.629037979324628048e-06 -1.908600056471227321e-06 -1.172713691900515421e-07 5.727846464080810774e-06 -4.805490528187599685e-05 1.359440550082238741e-01 1.603182886003544014e-02 -1.336402474862863864e-02
5.197713442238262658e-08 -5.575561598098456845e-06 5.096634582517950429e-01 2.156862616290618206e-01 6.256256294873198120e-01 4.128856312270368996e-06 1.345476600792738266e-02 2.500165321220084169e-01 3.062248333369555486e-01 -5.250814852708957965e-06 -2.833938569901423184e-06 -7.167311065359457682e-06 4.659376898141983203e-08 1.262471292601567064e-06 -2.127666938426067168e-05 -2.081429731695964847e-02 9.904195114634757602e-02 -9.350062506709663768e-02
-1.659907308754878814e-08 1.431297514464579195e-06 6.496368254309141665e-01 -1.260423804239694731e-02 -5.248790323934804380e-01 -2.186965353863172292e-06 -2.185008867753702316e-02 3.064018480222447383e-01 -2.492050849979487726e-01 1.453452227053781470e-06 1.366856248426335075e-06 -1.090465994344224737e-06 -1.367804292225210136e-06 1.129854197662202682e-06 2.145520333699831497e-05 -1.293742492083549541e-03 9.444434784610374056e-02 1.003369362562114425e-01
2.664662302742358758e-08 1.808545731616585250e-06 3.402131690962768851e-02 -2.176939765197178356e-01 4.733545841183840752e-02 -1.143005063674279466e-06 1.091136094383403149e-03 2.362810874281912971e-05 -6.643452712389843941e-05 -4.581296414638445542e-08 -2.859867584586581509e-07 5.838166459439013840e-07 -2.593598646079675303e-07 -2.301727115911793402e-06 -1.138009401414170373e-06 5.335419333499532776e-03 6.274184836022957167e-04 -5.180808525269374725e-04
2.811810569615993279e-08 2.109271761960098528e-06 -1.375101457854169262e-01 -5.819317079494365497e-02 -1.687971979134937073e-01 -9.581283578661331561e-07 3.813541668570462410e-05 6.951364190487004232e-04 8.531505546999708541e-04 6.680703772785393902e-07 1.131256532399262902e-06 1.655492632223665007e-06 7.327752981673230649e-07 -2.756355649386510490e-07 -1.055613984091990968e-06 -8.100033476301504720e-04 3.820189770193173871e-03 -3.620202966210731964e-03
-1.040906748576065728e-08 -5.530513927749499268e-07 -1.752756373561203673e-01 3.400620240392980293e-03 1.416151326736762028e-01 4.165985851430261325e-07 -6.100452501896869655e-05 8.523019599283016392e-04 -6.946689997120237322e-04 -1.459447525496368802e-06 -1.549339719615698418e-06 1.596991993423812285e-06 -8.158363558075319276e-07 -1.966178409971493633e-07 9.349752289473868427e-07 -4.448348086106808044e-05 3.641213401031890770e-03 3.881362086910957777e-03
-1.196492291506992565e-08 2.708664751698464982e-08 1.795544535853266753e-03 -1.148927135355772011e-02 2.498206102608309647e-03 2.054593271242483970e-05 9.794094899114866859e-01 2.094053881747792376e-02 -6.012884562894655477e-02 1.111886207656786236e-05 -8.796753402822028904e-06 -5.281808662625867836e-06 2.417600229049387030e-07 2.025704376870791259e-05 -1.607492318034244255e-04 4.691744247191525496e-01 5.534328262660082043e-02 -4.615731851948304959e-02
-1.345708636445424623e-08 -5.363194150890291810e-08 -7.257169402779566590e-03 -3.071171724129496960e-03 -8.908243508445372327e-03 1.205336198728459030e-05 3.338473513825995775e-02 6.203788333363484675e-01 7.598499500774352766e-01 -1.545427866454423402e-05 -9.656893874628606273e-06 -2.246382384545579178e-05 -1.156224501723308415e-06 2.876974855994968623e-06 -6.650984991377845786e-05 -7.186086061259701341e-02 3.421165661378443579e-01 -3.229476599964675732e-01
4.617214070699638624e-09 -1.277625037672154124e-08 -9.250268757976784495e-03 1.794613700468151659e-04 7.473721653892821844e-03 -5.995153270726055364e-06 -5.421698500120893799e-02 7.602897311326290986e-01 -6.183633746244054930e-01 7.098735007042816606e-06 7.030384207753116952e-06 -6.595240825898844414e-06 -2.211448151006765658e-06 3.086699828084656109e-06 7.023919301648716852e-05 -4.489868688511547412e-03 3.262422687919241948e-01 3.465744735802619436e-01
-1.299168415566708803e-08 -9.254002187994873052e-08 2.727003740156880643e-04 -1.744971534106528645e-03 3.794582914588452835e-04 -5.957021473429738948e-06 -1.834159788546459724e-01 -3.920272920398121252e-03 1.125231579189484715e-02 1.209710101707367616e-05 1.004797535159337562e-05 2.159358012154654252e-05 8.181565118851978810e-07 -4.622003751700935662e-07 -1.970110502688608798e-04 1.007726977950361258e+00 1.190800672007455985e-01 -9.957630093450989262e-02
-1.470820741936197544e-08 -1.782689581926568493e-07 -1.102111148863052113e-03 -4.663285702790764147e-04 -1.352618262511061809e-03 1.051271162799745000e-06 -6.251660266193307010e-03 -1.160796836298517015e-01 -1.421680598369892967e-01 4.132935227084796309e-06 4.355118665984373700e-06 6.985312763088272358e-06 3.733391298290050867e-06 -2.370702157360536809e-05 5.112826623141113257e-06 -1.545568848949516461e-01 7.379317631932964527e-01 -6.966876391968604976e-01
4.933285874128872067e-09 2.909219520030159938e-08 -1.404723522493978938e-03 2.718786905539995568e-05 1.134765497854259373e-03 2.161093213907142421e-06 1.015104402104186759e-02 -1.422648334117684044e-01 1.157013094899204259e-01 3.354324349813080408e-06 2.850608583629049205e-06 -7.099088170092775945e-06 1.101479555968832699e-06 -6.494113984011163168e-06 7.181211030148048344e-05 -9.863401690584153170e-03 7.037660436482967574e-01 7.477965980991848616e-01
1.131187644421605716e-08 2.160841503802383899e-08 -1.888250082768588758e-04 1.208260484042905864e-03 -2.627835155200724799e-04 2.136609540390335114e-06 1.261258148133487245e-01 2.696953295795599583e-03 -7.731576663288496597e-03 -8.071331486912627381e-06 -8.488519484619452214e-06 -2.324657506508145152e-05 1.211831557495474890e-06 2.271911135613462741e-05 -2.462886816114421445e-04 6.500056530006766142e-02 7.330419750502074894e-03 -5.674805791649444563e-03
1.242505959036253975e-08 3.986776418792942745e-08 7.633428945569837969e-04 3.229374174492183965e-04 9.367517201127122887e-04 -3.408541112908075341e-06 4.304012999419017452e-03 7.979941014204690319e-02 9.774744093955579916e-02 -1.183602055345918267e-05 -1.536988034297787249e-05 -2.378156772656093773e-05 -8.677172839117663840e-06 2.263785947634173426e-05 -2.390612816540201957e-04 -9.573985995493526288e-03 4.208611466455784017e-02 -3.964089467278871654e-02
-4.189519079857438586e-09 -1.647067909380166204e-08 9.728853049384164706e-04 -1.879180443755583415e-05 -7.858484754448864925e-04 -8.615222760217883861e-07 -6.982436397036951778e-03 9.780633388212242596e-02 -7.955534594273683258e-02 9.314807229788137920e-06 9.154759490123006346e-06 -6.684835390125157359e-06 5.910496767541824336e-06 8.355778039296286370e-06 1.345892731674590661e-04 -2.399282028980345390e-04 4.000312604445740300e-02 4.229786960238488686e-02
8.322882294440393389e-09 -3.354832988892660989e-07 -3.174869200437886768e-06 2.023144666889937731e-05 -4.405856323418446653e-06 -1.008778154562748082e-05 2.051750179599812641e-03 4.582353582086633263e-05 -1.254445558795685316e-04 2.713642261396565620e-06 -2.659661836604023189e-06 -7.194075857945377981e-06 1.782271186846482109e-06 1.462355044349624099e-05 -3.002898396754894285e-04 -1.970671990530568213e-02 -2.494556595040197874e-03 1.956802661017144340e-03
9.921313015974740770e-09 -4.374040632504368919e-07 1.293392580868594123e-05 5.454566964418339683e-06 1.584861088178555715e-05 -1.266503215366484202e-05 7.008708384018472182e-05 1.271607321310488968e-03 1.557967622487468635e-03 -8.950054853879936469e-06 -5.735837570275277994e-06 -1.487139958250260648e-05 -4.221322020926385931e-06 8.045827773903247094e-06 -3.893900839297646517e-04 2.277777776772064132e-03 -1.144202744800956392e-02 1.113107035856227868e-02
-2.289254346131943262e-09 9.905922144583178968e-08 1.649232488169261079e-05 -3.247102369272720174e-07 -1.330296615384807806e-05 2.710083256240262521e-06 -1.095247127363598846e-04 1.556884668368451862e-03 -1.266503650349234521e-03 7.297954250700452311e-06 8.819036800944356452e-06 -6.329989970790177762e-06 1.153562911941042050e-06 2.595267427177825311e-06 6.376063849017229957e-05 -3.798028947939557882e-05 -1.080681201107079256e-02 -1.176354532515396130e-02
1.685247546577472171e-09 -2.159555892140313321e-08 -1.260775083358156230e-07 -3.887515594604981713e-07 -1.330884161911301065e-07 7.939818675283710158e-07 7.685008905090532274e-06 1.440600117585693851e-05 1.921382901114350607e-05 5.355624333917875513e-01 4.036972291861186668e-01 7.332632870768365230e-01 9.204995457776016243e-02 5.933810115304896139e-03 1.902407990205263869e-05 -8.746716779465893985e-06 1.820539605073144725e-04 -2.244701156451772966e-04
7.154044628248438628e-10 1.951861765136014333e-07 -2.287734649621234651e-07 2.618837269736788548e-08 3.142813777928818643e-07 1.227973109487344498e-05 -1.673247689109689508e-06 2.487081279492127665e-06 -4.123162300941509105e-06 2.628586791469727374e-02 -5.687926377628792218e-02 -1.121368957653223197e-01 9.896974299901792893e-01 1.479383696022647200e-03 -2.908867497740073047e-05 -3.809015499199221172e-05 -5.082875104572735444e-05 -9.712167004449161862e-05
4.522867710491149293e-09 -1.928498857934394946e-07 1.663748947392422262e-07 1.960843906219199747e-07 3.637727102584819551e-08 -1.589033372361783745e-05 -1.832654102440475760e-05 -5.824022325057282342e-06 -1.110818070038010951e-06 2.760152282721223815e-01 -4.460312657180904861e-01 4.082328484349700276e-02 -2.960493830124051942e-02 8.475415002562545208e-01 2.927835941750542834e-04 -2.292712296285969744e-04 -6.960016861969997408e-05 6.417501867901830796e-05
-3.941896203630125787e-10 -4.260833552844007040e-08 -2.710140913335185413e-07 8.278705669802752030e-08 1.884508981262467123e-07 -2.574479712364589843e-06 -6.530093601522261388e-06 -4.127471093936440598e-06 1.935728431562011293e-06 6.239421920645257247e-01 3.967607921445946983e-01 -6.657468832177333429e-01 -6.925412375909147100e-02 3.525266180906073965e-02 -7.551182699435269731e-06 -7.793318567934330728e-05 -1.985214566809266417e-04 -1.513479326901890785e-04
-7.386843575296446233e-09 3.973928404383061112e-07 2.590956314945031461e-07 -2.230829630492664650e-07 3.425604261353143356e-07 3.257648251132039648e-05 3.918424552585158901e-06 -6.204542298374066235e-06 -3.993871458667885065e-06 -4.929182796824448376e-01 6.880416361664055680e-01 -2.912985898132935611e-02 4.854585443366658121e-02 5.257397273821445838e-01 -5.190251432466646371e-04 -1.255657446519815781e-04 -2.956484428526714303e-05 -5.594236979449893060e-05
-2.125969500090724442e-09 6.404961663432958494e-08 1.341532049573252884e-07 1.831766101339281259e-07 1.982070855606868552e-07 2.334623079175725484e-06 -7.034248174316869917e-06 -1.090887700838631256e-05 -1.589447812096587788e-05 5.450360603817240579e-03 4.112940688491949909e-03 7.504447112567067674e-03 9.397718149693900938e-04 5.951667254962324260e-05 2.015424828355957538e-05 1.252670580222080016e-04 4.923850075996881546e-05 1.260134378181601588e-04
-4.086738710712796977e-09 -2.321594350209767156e-07 4.289406351990838996e-08 -2.318186969988215841e-08 -1.894746711043557746e-08 -2.345096807312296561e-06 2.119116816531468470e-06 -1.031784092560175829e-06 -2.862876048320007441e-06 2.750148736022485041e-04 -5.894857067929648109e-04 -1.135825664202458904e-03 1.001734501231772018e-02 1.547158728017740496e-05 -1.317465890864876474e-04 2.350261934075580108e-05 2.059767115273965666e-04 1.616407775262630503e-04
9.428495875293548811e-09 -2.847817439496210344e-07 -3.502366933636616708e-08 -2.247503900449580035e-07 -1.646209197912823301e-08 -1.997544973357828727e-05 1.399433135657152344e-05 5.865413012890945647e-06 3.848322167167737628e-06 2.831644098017815133e-03 -4.572577789217205022e-03 4.141285107377096013e-04 -2.942492211418835132e-04 8.605028277472268061e-03 -1.502663322038515648e-03 4.171423039194314085e-04 -8.022730496328244019e-05 -2.528720319788453741e-05
-3.570734149438886698e-10 8.903314561155230583e-08 -9.234291155605689689e-08 -7.363283735890515706e-08 6.277939305633766223e-08 1.264452450805344543e-06 3.927393909869446825e-06 1.148874018530293306e-05 -6.114074517603134292e-06 6.357344970565684261e-03 4.040144811276295128e-03 -6.815898282512644277e-03 -7.083406908980802944e-04 3.601349576564382175e-04 5.894457919059507860e-05 1.367859962990365154e-04 9.848236714772847585e-05 1.591565958897661929e-04
-1.551144799756993487e-08 3.775523951293008980e-07 -8.346838660854595118e-08 -4.008789229373698391e-08 -4.120823209295379464e-08 3.357027035537706814e-05 5.502039225038790186e-06 6.508440187556504460e-06 1.735707857548918832e-06 -5.052214473525112534e-03 7.055647598915304464e-03 -2.961508323232260359e-04 4.827616674470949429e-04 5.338112305647698883e-03 2.652084671545000029e-03 2.466541923841055676e-04 -1.946575087131807008e-04 2.653670226639673509e-04
7.573942710251233242e-09 -3.558822113656025624e-07 -2.208672441434766081e-07 -2.665577599997887182e-07 -3.294010123823007403e-07 -1.158763591248344708e-05 1.982883310454557605e-05 3.603768730262719278e-05 5.217825240324736502e-05 -3.549933058597135949e-04 -3.013200174919253836e-04 -7.683855933517128251e-04 -8.778472809060015164e-05 -7.965374407198284928e-07 -6.321916701403852874e-04 -5.861033574743120152e-04 -4.868064028968565465e-03 4.995937716124659346e-03
-2.898652195603735214e-10 9.170796871577395377e-07 -3.573519567193785790e-08 3.603292667336025521e-08 -1.031652784094301737e-08 1.884212049842970576e-05 -6.214868772571377301e-06 -3.677663934532645440e-07 1.059878700887623478e-05 -8.837329587886627775e-05 1.473974569414231064e-04 7.699568168480196704e-05 -6.851679266794131985e-04 -3.787554404244964620e-06 1.122218893710583967e-03 8.421622741304626110e-04 1.376743397454888596e-04 1.554287569833546784e-03
-2.250129393760803141e-08 1.293760327089403885e-06 3.337781732691159910e-08 3.604026753485346689e-07 2.136041629534215528e-08 4.044036874670152779e-05 -4.768913018446594679e-05 -1.625180141838124682e-05 -1.053766696691980128e-05 -2.558153229160815725e-04 4.174952569837994069e-04 -1.952710003851114046e-05 -4.229081413978320794e-05 -8.019587936476184039e-04 1.276900873197166133e-03 3.452725615809654376e-03 2.275151623926660767e-03 -1.515739424923683585e-03
-8.363415828289257822e-10 -3.220299070492234925e-08 2.183111855798812550e-07 9.790145592450871540e-08 -1.469840482948520927e-07 1.182388360016500779e-07 -1.136377549325101004e-05 -3.993125745425420565e-05 2.301108693963887201e-05 -4.509485969511474283e-04 -2.722850365316149585e-04 7.066668545091831389e-04 7.476307261732465848e-05 -3.547300771661511819e-05 -5.176452038488403633e-05 1.247072623457392377e-03 4.428773029654926516e-03 2.889338664765389413e-03
3.775426713162515222e-08 -2.181192144238686110e-06 8.870391849237774264e-08 1.236962108852237227e-07 1.710295090568884558e-08 -6.955720014580911762e-05 -2.113978160462351725e-05 -1.605380885492952768e-05 -1.110958469945627207e-06 4.373962939477767076e-04 -6.276970610796412135e-04 2.089556742655804107e-06 6.579244829197214352e-05 -4.838644248175891205e-04 -2.351289099289673168e-03 1.773779928745534539e-03 1.859371082495940054e-03 -6.229501070145001976e-05
4.044463113284595979e-09 -1.405425841051276840e-07 4.556602658949266256e-07 -1.708448171363468043e-07 -5.898550840950662900e-07 -4.842542561154507627e-06 2.591526467570767290e-05 -1.005394939887590720e-04 9.222725297853938539e-05 -5.179885296575800307e-05 -5.857803981237656770e-05 -7.433968435686943987e-05 -4.981765118390398530e-06 -8.576347693526802454e-06 -1.723632194250648180e-04 -2.480397384630739221e-03 1.182117029756338256e-02 9.075653854414885563e-03
-3.107772085646627345e-09 2.533204829534439984e-07 -1.545582627179872105e-07 1.094071579646883257e-06 -2.100669351660942672e-07 6.506713152162620328e-06 -2.071998295866522280e-04 -7.492502203744196683e-06 8.931279982158510313e-06 -1.618053558109600031e-06 4.279496773119642880e-06 7.487562721630369203e-07 -3.737115282177397849e-06 -4.558958537334637369e-05 4.023983182271827696e-04 2.140588104513021020e-02 2.884828918586154929e-03 -2.444266755504885275e-03
-4.061277588544842971e-09 4.267285439955872455e-07 1.395841990154376734e-07 1.924275633346473755e-07 6.314783954902358711e-07 1.117640080110535744e-05 -1.221441291620287810e-05 -2.179425582267384426e-05 -1.290421516508598408e-04 -4.475558805700374634e-06 -5.908034870504568720e-06 4.330182117108894948e-05 7.895895982310906943e-06 -4.933783661978803333e-06 8.658884932168640393e-04 -1.270047486862934793e-03 3.825181829873531853e-03 -1.440942497091924658e-02
2.324478629819057672e-09 -4.391015430945331981e-08 -4.894895612622171211e-07 -1.373237636529457830e-07 -1.447607222809908775e-07 -1.779651088784126888e-06 1.864462920267755650e-06 1.079841808825086799e-04 1.171074417673373436e-05 -4.887572580354992004e-05 -4.450401012894117619e-05 1.308460529221248772e-05 4.731387544447330648e-06 -5.021902774233436610e-06 3.490381649126257521e-05 9.724970499091456196e-04 -1.330295822084337845e-02 -2.888306636024254737e-03
-2.186491676528565584e-08 1.738599564620620694e-06 -5.689239924825676968e-08 2.346210078804535513e-07 3.441820869280846238e-09 4.418843908031070246e-05 -2.459152009769710335e-05 2.612540630681622847e-06 -6.720192702280610627e-06 -3.714600869535277362e-05 6.425605959043882807e-05 6.818165516115888566e-06 -3.000007228985979168e-05 -2.584931172666249451e-05 2.362672832279822440e-03 2.451770202786994154e-04 -2.342930743940635019e-04 -9.849641761751968920e-04
-2.720227397178011532e-09 3.302238400870045854e-07 -3.840926776158328988e-08 1.618148287114696467e-07 8.078861220651904925e-07 8.077021981418259713e-06 -5.584896780118012291e-06 -1.508843067447366371e-05 -1.522602194916613464e-04 3.384925783589198763e-05 2.644534240741073906e-05 -6.440599115396355425e-05 -7.426582804708295787e-06 -1.055032167936346607e-06 6.276249207726340490e-04 -2.517215835750451648e-03 5.275836057596579309e-03 -1.499180364565821065e-02
-1.849763313999957760e-08 1.429145906843879742e-06 -8.550465751278492872e-09 -1.764285336592100594e-07 1.643302094388581331e-08 3.738766213895764276e-05 1.097633868303286327e-05 7.450276529232021319e-06 3.284703136059357970e-06 -3.006424201171299941e-05 5.010734856264267720e-05 -2.065873611889004785e-06 -2.612586743242809346e-05 3.215134534852167545e-05 2.066556209743703083e-03 1.948331491993690774e-03 -6.331750260168469155e-04 1.995689490783627857e-04
