-3.201203395659892870e+00
-2.687488150506360807e+00
-4.840954655802512718e+00
-4.502981930700766355e+00
8.615150570484381154e-01
-1.020096389341468068e+01
-2.821972657170292109e+00
-1.251507355119362841e-01
-9.394387029788765497e-01
3.689116407069011894e-01
4.715033205108762893e-01
1.300165748787745823e+00
-3.692646852248594236e+00
-7.198082759432986144e+00
-9.631872416128899772e+00
-5.116416940218508458e+00
-1.067165402294319243e+01
-5.803073400588323771e+00
-4.588830587497485958e+00
-1.226007075481708419e+01
-3.528111482660376552e+00
-2.002572685479022674e+00
-2.450487685447623853e+00
-3.562662634115568716e-01
-1.244632850351144349e+00
-2.119416041068312495e+00
-1.751464766926278616e+00
-2.520514589896480917e+00
4.467895636736590070e+00
5.975382945502106580e+00
9.892361612726147113e-01
-3.000985901221575158e+00
-5.905201513126295820e-02
2.900984576716399310e+00
-3.113632517444323788e+00
1.208217501477274913e+00
3.117296072909856441e-01
1.830460566675259582e+00
2.327489751575852583e+00
1.840286601559339985e+00
7.046046735912676162e+00
-1.441047411491563068e-01
3.147141611305911413e-01
2.077076415756981820e-01
4.768429469718469704e+00
-3.170253675748369915e+00
5.956480474966674432e-01
9.323022210258908871e-01
-2.844527145952131075e+00
1.766709377429191541e+00
1.458443763880417521e+00
1.229608953203257471e+00
-3.351220738152745682e+00
7.579205700250786215e-01
9.161780908415939617e-01
1.793197786055047427e+00
1.716117551111989936e+00
-1.209610525094732658e+00
-1.077174684844217217e-01
1.485187101884449246e-01
3.352071655714478071e-02
-7.852225364757358328e+00
1.908171471830160559e+00
2.222699870822238744e+00
2.247461119430289855e+01
1.488192135161815255e+00
1.971866548419991005e+01
3.173868063423412877e+00
2.453273306798703590e+00
1.774987732534488671e+01
1.752694056105550846e+00
1.176747291996654710e+01
1.371277932612452899e+00
7.195801197229497070e+00
3.227899573972853986e+00
1.396891718867180332e+00
1.816716314313002290e+00
-6.535623304653962684e+00
6.738976993931339088e+00
5.491266030184782654e-01
3.626914031439558150e-01
-8.497905296665012598e-01
-2.729446277354312111e-01
-1.791809719259019218e+00
-4.724503543476996192e+00
-2.671856920406909364e+00
-3.946358259541880020e-01
-5.906066070548623426e-01
1.103839344616329043e+00
4.457171849940454678e+00
4.212160693941973122e+00
9.411274398326059387e-01
1.435731174776458019e+01
8.496585126701887702e-01
1.230061490597972096e+01
3.416521905430119688e+00
-1.201659347464590155e+01
-1.308839976391142024e+01
2.914596297679535208e+00
4.696271632327330359e+00
9.741190969179420733e-01
7.691357512557278397e+00
-3.385709254768871912e-02
1.306427931747891336e+01
1.082485744451416210e+01
7.401960435301802033e-01
-4.735587928891807685e+00
1.375665149702844658e+01
7.813792563615089115e+00
5.586033574731918527e+00
6.645338822505351573e+00
1.820378757978269979e+00
-1.392564350349152136e+01
3.947779030989401861e+00
1.451199676511346404e+00
9.020976696528080652e+00
3.224794278821251359e-01
2.453745619659562394e+00
1.567320876930031526e+00
3.745796225051707840e+00
2.333586653057301508e+00
3.012938243890079359e+00
9.010707052467266109e+00
-4.904771263445453222e+00
3.443039070204203522e+00
-4.664253611428881285e+00
1.889528274381188533e+00
-6.513716548569507658e+00
1.923296708252087761e+00
7.457280255451552264e+00
5.013085004835214242e+00
2.987455706944017186e-02
1.879311950127981135e+00
6.265428463481529597e+00
1.697856779728426746e+00
4.919250295131677220e+00
3.096257625464124530e+00
-4.596406946243695169e-01
1.524057209343691044e+00
-6.232652074872779835e-01
2.676043225058953201e+00
-5.928802242774616760e-01
-3.247373991618909717e+00
3.157628246954350182e+00
-1.818394662480428359e+00
-1.257420856501048068e+00
-1.710594944211437873e+00
-9.394872857847988978e-01
-1.188880342766613252e+00
-1.560528039209319484e+00
1.859308826626061562e+00
1.457589221343623120e-01
1.209164971686313761e+00
1.930650129675255622e+00
1.960264878398153332e+00
1.368957145368866257e+00
-1.178383917415971816e+00
-4.022585195137627356e-01
-2.747488600245242552e+00
9.212572932679491400e-01
-3.658578391934354190e+00
1.744544670281805154e-01
3.047685453649699561e+00
-2.884256619316561299e+00
-8.409612050394255078e+00
-9.662507565222087536e+00
-6.120225132048199512e+00
-1.735910804764215243e+01
4.648615188023006439e+00
-1.690718924539860613e+00
2.771951971448531005e+00
-4.182759318270758087e+00
9.495723441730271830e+00
1.208521580568854858e+01
-1.771391773686744164e+00
2.661588725420851453e+00
1.142892746504394541e+00
5.212518963726256338e+00
4.799012390146885743e+00
1.031139618418157322e-01
-5.098742648610252282e+00
9.278725350007501760e+00
-5.614480806526257695e+00
-2.978267968991004988e+00
-7.640982877574227228e-01
2.029499454856575014e+00
1.226514835344775456e+00
-1.604708900505986913e+00
7.267238786346838508e-02
-1.190254491365205070e+01
1.414302802530394532e+00
-9.075720826460986768e-01
-6.159016409244153500e-01
-1.409045633858292845e+00
-1.666273469600238144e+00
-1.263971316231429665e+00
-1.902655308146690372e+00
-2.856294578327176925e+00
-1.746051299640499765e+00
-2.325883050913549521e+00
1.143338457349407644e+00
1.537983037878969839e+01
-4.987090138771587355e+00
-8.552837481475666692e+00
-1.240146694491694346e+00
-2.247461998406091066e+00
-1.530338858146904402e+00
-1.075956809227876620e+00
1.294756756519992891e+00
2.554575032046468852e+00
7.065181522476230214e+00
1.141335607989322298e+01
-1.589606998937005500e+01
-1.322873899665707320e+01
-1.274458857039397053e+01
-1.971133708031675269e+01
3.190822233603495262e-01
-1.243957018090408262e+00
-1.717964185339643901e+00
4.952979802036617807e-01
-8.517342534477432281e+00
-2.958147390635073926e+00
-1.127860751960425789e+00
-7.599936719042377220e+00
9.684973382684761489e+00
2.159707682143622076e+00
5.270248390215384937e+00
1.732134519008850404e+00
-4.603664780408796453e+00
-8.588246807117027259e+00
-8.875297569228871808e+00
-6.716110922788991466e+00
-1.750020217738821326e+00
4.364038553352870053e+00
4.228587504251981599e+00
-3.219698650068126611e+00
-2.765352441327185051e+00
-4.158848025851209051e+00
-3.256878988539427144e+00
-6.258066833133804074e+00
2.233609660908143724e+01
-1.715284321101687048e+00
2.492735474352179015e+00
-3.241095406653728084e+00
-2.584425968884266567e+01
1.153478262695235479e+01
1.170167397506171270e+01
3.927187270339072889e+00
-1.716445378850778880e+01
2.615879966458328099e+00
1.977185171777121830e+00
-9.535077770984578649e+00
6.627723147609894561e+00
1.327422790074931913e-01
2.937539412538518135e+00
-1.024563341211679468e+00
5.447127621269185482e-01
1.632380067717965400e+00
4.658899372350852275e+00
-2.898300768911619940e+01
2.904543669507495984e+00
-1.857472571063052058e+01
-1.105237672123846870e+01
-1.315822479144150314e+01
1.839774633413020055e+00
-2.289488937767399257e+00
1.638638035325161368e+01
9.210956231623199653e-01
3.656645511231717549e+00
-2.163724136994215286e+01
8.103502836018072752e-01
-3.032212693180388108e+00
1.071111968816289206e+01
1.477377963623391022e+00
1.501036887822534860e+00
5.711647662406709181e+00
7.410636516224957671e-01
-1.437034656347048855e+00
4.328802409350445579e+00
2.049783140911880519e+00
2.106232751138120474e+00
-1.903379205692751697e+01
4.158939852976591967e-01
5.739440847315060878e+00
-7.684979842063504485e+00
-1.857362971189582268e+00
-8.179738270125811894e+00
-4.643206320505392171e+00
-8.104503267607258366e+00
-1.845317510276980988e+00
2.473779853640286852e+00
-2.186996611589363315e+00
5.826933808071429466e-01
1.387512364804655229e+00
3.570338370732260569e-01
2.207522112684146887e+00
2.307077343596490859e+00
3.526293912326913249e-01
-1.692229530091413636e+00
2.124280506160203696e+00
3.330248701060812522e+01
-5.009149156742525477e+00
-5.590738899059005007e+00
3.880311119337984138e+01
-1.184226195434696871e+00
-1.686632826307587818e+00
-2.251319969274274246e+00
-1.545622310848792313e+00
-7.527434183515412158e+00
-8.661184313646900224e-01
-9.982381969128542920e+00
-3.534374952884592247e+00
-2.762410644067875953e+00
-2.504087667917892723e+00
-5.665419869413880427e+00
-2.554479871441943217e+00
-3.129108587368747418e+00
-2.200437434489691313e+00
-3.041046120822521015e+00
-2.257150257185807529e+00
