-2.832101077684729962e-01 -9.341499871100787666e-02 -1.844664469104668034e-07 -7.345164390903789865e-07 -4.891750888516674478e-07 3.907699381010913686e-02 -8.640797368698947776e-07 -8.873472566871320398e-08 -4.279097153498547265e-07 1.650452380884723124e-06 -2.272580448949564455e-06 3.948503876544805535e-08 -8.000261966179779961e-07 -2.500694969573829571e-07 -1.562507299111970394e-02 -9.933695575786962226e-06 -5.091166567963937061e-06 1.138769184970523944e-05
7.734990722205173919e-01 4.114961817139365374e-01 8.200372227198779602e-07 3.281013282036934147e-06 2.183949783636547614e-06 -1.843012026035422690e-01 4.195563020188470985e-06 4.505768920714595679e-07 2.115901063659052281e-06 -7.646696630695558726e-06 1.050826398353703937e-05 -1.605584723077648081e-07 3.872343677803122027e-06 1.181560165271653488e-06 7.356483563296879746e-02 4.675567231076601423e-05 2.378647583965092465e-05 -5.343072557171871635e-05
-1.572327302164788082e-02 1.252832262357395365e-01 3.092008244437296053e-07 1.278507177229936207e-06 8.558620585038864964e-07 -6.345259111646814332e-02 2.211564876976494089e-06 3.791702395668720817e-07 1.372717980467548427e-06 -1.298229074994719416e-06 1.637974586433016115e-06 1.337648102664392223e-07 1.865237875849841298e-06 3.670252598873574652e-07 1.810058535489814102e-02 1.107005756361205543e-05 4.314944451025928066e-06 -1.138993250492228437e-05
-2.110938400591222397e-02 9.792913898470577694e-01 1.860741877654651228e-06 7.477382752435992298e-06 4.955786671709302514e-06 -8.189850632042959822e-01 1.697633718465829853e-05 1.448624209847654913e-06 7.908946709635858869e-06 -3.988374944031912689e-05 5.523920373142596663e-05 -1.200201324908741096e-06 1.667900813894827327e-05 5.722954099119414417e-06 3.920488996762425127e-01 2.529007556159650017e-04 1.330564553585759544e-04 -2.932262660386864700e-04
6.516411772002949146e-03 3.038559972843983895e-02 1.137977349305490845e-07 8.556701882990942212e-08 1.190392739251740750e-07 1.260970872877239302e+00 -2.695186642356208015e-05 -1.807116434191530593e-06 -1.204821173168379996e-05 8.006020100305373576e-05 -1.113914885101114770e-04 1.594979905388123657e-06 -3.123680295172925967e-05 -1.163617641138984496e-05 -9.764664702714709321e-01 -6.552382239220488078e-04 -3.516981499942908656e-04 7.666059439506598891e-04
-2.052924687339506300e-03 -6.062838644301799494e-03 -3.755884203912859596e-08 4.309183236554809211e-08 1.430310264001186480e-09 3.197310395823898393e-02 -4.634976784784847332e-06 -3.923066173879978059e-06 -6.946059612482923028e-06 -7.208636951988201956e-05 1.041532925528300554e-04 2.140015544437879086e-06 1.091855186860294966e-05 1.028259705122243087e-05 1.273342962428400504e+00 1.082887860141434032e-03 6.690090878487568379e-04 -1.356226873182764248e-03
7.290458730059561510e-04 1.989586967415429234e-03 -2.387589744960142079e-08 -1.471476525046267043e-07 -9.821914365179975761e-08 -8.464993059094295946e-03 1.540617912493396570e-05 7.161378885319024067e-06 1.675778152182070725e-05 4.502751355008985140e-05 -7.489495963811709030e-05 -1.426008164522314011e-05 2.836513196421902241e-05 -7.788096943028229542e-06 -2.507412052711440603e-02 -1.247266447599012021e-03 -1.129781502992113513e-03 1.943696704498596361e-03
-3.276604570986228044e-04 -8.877043490281836440e-04 -1.187321317908566959e-09 2.065662767462798475e-08 1.691639528676598636e-08 3.757240739727901561e-03 -2.942474081913315066e-06 -9.582105034406494887e-07 -3.175147376760180529e-06 -9.213289503654730302e-06 1.579720354394117385e-05 6.984886715696729507e-06 -1.125304802131453394e-05 3.836346300452433162e-06 5.620055960395808556e-03 3.578396262407049504e-04 2.742999980443965686e-04 -5.306433531726262570e-04
4.593925865099859479e-08 -4.785075365227194180e-06 -1.260943154029698365e-01 8.068475999176043523e-01 -1.754406010703374319e-01 7.616862270928240123e-06 3.947089269370830933e-01 8.439307859549461180e-03 -2.423183722292535092e-02 3.859637461837164707e-06 -3.629036799189714712e-06 -1.908599805112028007e-06 -1.172713248783628323e-07 5.727846213653546331e-06 -4.805488894099867615e-05 1.359440538738093951e-01 1.603183866284053904e-02 -1.336402562234502434e-02
5.197713541848887930e-08 -5.575561756937286216e-06 5.096634401058538488e-01 2.156863106158028731e-01 6.256256273797635714e-01 4.128856114535353854e-06 1.345476278113938440e-02 2.500165376945582274e-01 3.062248289217960884e-01 -5.250813975816381537e-06 -2.833939319621931078e-06 -7.167310225020042603e-06 4.659344240551402679e-08 1.262471239894555674e-06 -2.127667056632155329e-05 -2.081430511652499621e-02 9.904195445119212682e-02 -9.350061991273470041e-02
-1.659907429206511857e-08 1.431297609490602827e-06 6.496368188893693052e-01 -1.260413988037117558e-02 -5.248790428450764711e-01 -2.186964904790888366e-06 -2.185008936077711267e-02 3.064018434094299415e-01 -2.492050906012246714e-01 1.453451952656130272e-06 1.366856686136525824e-06 -1.090466268680641595e-06 -1.367803928031861052e-06 1.129854023554957516e-06 2.145520611902058107e-05 -1.293747596613678422e-03 9.444434278722847742e-02 1.003369410412025264e-01
2.664661605569712823e-08 1.808545331354139746e-06 3.402134578939670917e-02 -2.176939734014065597e-01 4.733545200176143136e-02 -1.143004769809366814e-06 1.091136090626718515e-03 2.362811461327160657e-05 -6.643452161593430526e-05 -4.581294920385423652e-08 -2.859867855710323629e-07 5.838165522347828509e-07 -2.593599098096818666e-07 -2.301727336016188470e-06 -1.138008192417822311e-06 5.335419267558996759e-03 6.274188652756995362e-04 -5.180808851706146219e-04
2.811810593718637070e-08 2.109271820343130637e-06 -1.375101408907145051e-01 -5.819318401231771132e-02 -1.687971973461702968e-01 -9.581283312184135316e-07 3.813540755523091004e-05 6.951364309775543782e-04 8.531505384648578822e-04 6.680703843244073084e-07 1.131256690061503794e-06 1.655492845792449357e-06 7.327752223550451956e-07 -2.756355861310244307e-07 -1.055613976675243215e-06 -8.100036466182018030e-04 3.820189890984168699e-03 -3.620202757142372118e-03
-1.040906803262530958e-08 -5.530514307058984564e-07 -1.752756355925580989e-01 3.400593755761113779e-03 1.416151354946137697e-01 4.165985514579701173e-07 -6.100452657793091151e-05 8.523019429667753801e-04 -6.946690123362055970e-04 -1.459447383042315429e-06 -1.549340012514896313e-06 1.596992115474165025e-06 -8.158363131351359518e-07 -1.966178075016050850e-07 9.349754260896096831e-07 -4.448367814964813191e-05 3.641213198874460651e-03 3.881362260260523382e-03
-1.196491955301249908e-08 2.708663647462308602e-08 1.795546060106211535e-03 -1.148927118936828549e-02 2.498205764387631186e-03 2.054592918481020403e-05 9.794094900785002000e-01 2.094054409672659392e-02 -6.012884087384767762e-02 1.111886210251858356e-05 -8.796750230918909920e-06 -5.281807807391494424e-06 2.417602007629020878e-07 2.025704306129942235e-05 -1.607491802554938693e-04 4.691744209207078242e-01 5.534331647571773954e-02 -4.615732154373530099e-02
-1.345708648241281878e-08 -5.363194945996673032e-08 -7.257169144694873217e-03 -3.071172421786238799e-03 -8.908243478799378334e-03 1.205336148604454623e-05 3.338472713153842891e-02 6.203788471654778647e-01 7.598499391230323363e-01 -1.545427612237253355e-05 -9.656896169292874984e-06 -2.246382175124360137e-05 -1.156225352974941168e-06 2.876974742081044333e-06 -6.650985392091406426e-05 -7.186088756339890915e-02 3.421165775883579507e-01 -3.229476422431828420e-01
4.617214360484917684e-09 -1.277624058125352172e-08 -9.250268665206499985e-03 1.794599723139784673e-04 7.473721803015755463e-03 -5.995152136864902608e-06 -5.421698669673472720e-02 7.602897196883693365e-01 -6.183633885287003196e-01 7.098733537282648441e-06 7.030385799826271645e-06 -6.595241455378972816e-06 -2.211447090582355531e-06 3.086699285244708109e-06 7.023920171193077141e-05 -4.489886317616330162e-03 3.262422513530382484e-01 3.465744901677352829e-01
-1.299167875613194527e-08 -9.254007905547817205e-08 2.727006055327092218e-04 -1.744971509264761330e-03 3.794582401074779519e-04 -5.957022701173255473e-06 -1.834159789720671840e-01 -3.920273910728830184e-03 1.125231490721070697e-02 1.209710061636645302e-05 1.004797395744625725e-05 2.159358095301888467e-05 8.181565974464914540e-07 -4.622093678219433427e-07 -1.970110175591368174e-04 1.007726971330657362e+00 1.190801401376920532e-01 -9.957630754811329366e-02
-1.470820779144049068e-08 -1.782689424659788385e-07 -1.102111109827014039e-03 -4.663286762918144451e-04 -1.352618258149030023e-03 1.051272097679338105e-06 -6.251658770191258208e-03 -1.160796862639917187e-01 -1.421680578488455915e-01 4.132939067730267979e-06 4.355120508997800034e-06 6.985316960656942199e-06 3.733389323955548066e-06 -2.370702246850516024e-05 5.112824805757883231e-06 -1.545569431436273067e-01 7.379317883772010811e-01 -6.966876015555936164e-01
4.933286939917241456e-09 2.909216433763518045e-08 -1.404723508577019123e-03 2.718765680161335018e-05 1.134765520604458450e-03 2.161091694723984142e-06 1.015104434255892016e-02 -1.422648313273716936e-01 1.157013121416176626e-01 3.354316650187693031e-06 2.850605150569980027e-06 -7.099080870333944213e-06 1.101482398371263492e-06 -6.494114916808044557e-06 7.181211000099771381e-05 -9.863439666945982703e-03 7.037660065211802651e-01 7.477966346531416120e-01
1.131187060018146102e-08 2.160853161750434751e-08 -1.888251685632049207e-04 1.208260466695300957e-03 -2.627834799283868482e-04 2.136612672733369408e-06 1.261258149232188652e-01 2.696953977836358523e-03 -7.731576057051038793e-03 -8.071331546379010817e-06 -8.488517172593337424e-06 -2.324657558175433086e-05 1.211830836865341810e-06 2.271912230143074949e-05 -2.462885465677668462e-04 6.500056222197102274e-02 7.330424054302105662e-03 -5.674806014344615027e-03
1.242506025717363512e-08 3.986771723724679740e-08 7.633428674940089973e-04 3.229374908607297498e-04 9.367517170249071035e-04 -3.408542460197575442e-06 4.304011971595030940e-03 7.979941196287372585e-02 9.774743958814385847e-02 -1.183602429595757793e-05 -1.536988524031942103e-05 -2.378157293109392964e-05 -8.677171948853130740e-06 2.263786056848831008e-05 -2.390612945550003117e-04 -9.573989114821296331e-03 4.208611525729701042e-02 -3.964089140140152762e-02
-4.189520825189606835e-09 -1.647059833397004299e-08 9.728852952456783221e-04 -1.879165743299577931e-05 -7.858484911370161629e-04 -8.615198909188868308e-07 -6.982436618759087221e-03 9.780633246261305480e-02 -7.955534777978351402e-02 9.314812829754087181e-06 9.154765648343678438e-06 -6.684844505621462051e-06 5.910494923117969559e-06 8.355779049668969919e-06 1.345893092090904967e-04 -2.399304492472083782e-04 4.000312307856507960e-02 4.229787035495259639e-02
8.322885707611905695e-09 -3.354834922607123457e-07 -3.174871881771350389e-06 2.023144635538105861e-05 -4.405855723435360572e-06 -1.008778527778043420e-05 2.051750184048414284e-03 4.582354701599644880e-05 -1.254445461768781390e-04 2.713642128716187621e-06 -2.659660359876902306e-06 -7.194077193119629889e-06 1.782270358526615536e-06 1.462355002008953098e-05 -3.002899044282734552e-04 -1.970672024803767769e-02 -2.494558070782981925e-03 1.956802828063498954e-03
9.921311264646942449e-09 -4.374039351113370475e-07 1.293392534349412014e-05 5.454568195458899769e-06 1.584861078258943722e-05 -1.266503000140533974e-05 7.008706787066931179e-05 1.271607351010885841e-03 1.557967605704715496e-03 -8.950053964665085561e-06 -5.735839194934838795e-06 -1.487139818333068877e-05 -4.221322025588955022e-06 8.045828831129229472e-06 -3.893900434633298696e-04 2.277778770135600959e-03 -1.144202819555504951e-02 1.113107029718810731e-02
-2.289248763339812020e-09 9.905890616280079486e-08 1.649232469722015801e-05 -3.247077395804883591e-07 -1.330296637507228923e-05 2.710076749803975236e-06 -1.095247165400532611e-04 1.556884647782092856e-03 -1.266503684365510212e-03 7.297951951365516874e-06 8.819037936151995132e-06 -6.329990834899913168e-06 1.153563217404961301e-06 2.595268102686883656e-06 6.376050600538665206e-05 -3.797972891172660126e-05 -1.080681177925155341e-02 -1.176354646740520454e-02
1.685247617482729226e-09 -2.159556792384856321e-08 -1.260774097179823684e-07 -3.887515642386967359e-07 -1.330883602896432762e-07 7.939814226187928157e-07 7.685008409945684774e-06 1.440600047725704712e-05 1.921382728676562275e-05 5.355623759835768105e-01 4.036973230945716806e-01 7.332632778501578796e-01 9.204995068298207905e-02 5.933802175773109783e-03 1.902408042179425064e-05 -8.746744878474550206e-06 1.820540010246252246e-04 -2.244701276385504694e-04
7.154038561508031770e-10 1.951861870904209540e-07 -2.287734673641975187e-07 2.618833376677882833e-08 3.142813872362140181e-07 1.227973103931281686e-05 -1.673247523661193117e-06 2.487081231645776303e-06 -4.123161685431741588e-06 2.628587069743667029e-02 -5.687926011786410135e-02 -1.121368867306234557e-01 9.896974311476723907e-01 1.479380943254268287e-03 -2.908868574038340883e-05 -3.809014808523403987e-05 -5.082874927000897460e-05 -9.712167824300606354e-05
4.522867237698815201e-09 -1.928498872902884581e-07 1.663748881055250023e-07 1.960843643602326248e-07 3.637728639701652570e-08 -1.589033433133348392e-05 -1.832653979841547003e-05 -5.824022067082735805e-06 -1.110818430825977150e-06 2.760152991842252934e-01 -4.460312121719363643e-01 4.082329119415643165e-02 -2.960493350255065034e-02 8.475415051965715652e-01 2.927835867485389888e-04 -2.292712523902528158e-04 -6.960018534121470413e-05 6.417502277304212041e-05
-3.941894588142530673e-10 -4.260834264760857880e-08 -2.710140604789522918e-07 8.278702075920034739e-08 1.884508701303911164e-07 -2.574479934046455873e-06 -6.530093042266578547e-06 -4.127472349369116886e-06 1.935729629284941209e-06 6.239421168854869526e-01 3.967608919878291562e-01 -6.657468948378922891e-01 -6.925411431398047213e-02 3.525266763038946427e-02 -7.551180499894494216e-06 -7.793317447019524984e-05 -1.985214787545709863e-04 -1.513479760383521096e-04
-7.386842272903196412e-09 3.973928089856619149e-07 2.590956632369137137e-07 -2.230828808769947009e-07 3.425604072442546680e-07 3.257648193499146778e-05 3.918422712641473988e-06 -6.204542319472349979e-06 -3.993871054794685702e-06 -4.929183973477426206e-01 6.880415584986454558e-01 -2.912985134488872696e-02 4.854585448594778835e-02 5.257397191133110770e-01 -5.190251166899822197e-04 -1.255657732160073159e-04 -2.956485340285964421e-05 -5.594236795111048551e-05
-2.125969986998387799e-09 6.404964143337546317e-08 1.341531831452678700e-07 1.831766258257025824e-07 1.982070768008603148e-07 2.334623650552230842e-06 -7.034248781437662935e-06 -1.090887801382455316e-05 -1.589447744839796018e-05 5.450360039154562852e-03 4.112941659619807726e-03 7.504447046279760433e-03 9.397717782515583023e-04 5.951659167966438758e-05 2.015425586686204416e-05 1.252671348274669589e-04 4.923845476440514798e-05 1.260135347382063933e-04
-4.086737717594807833e-09 -2.321594787238363409e-07 4.289406620463863506e-08 -2.318185705903511879e-08 -1.894746948138568002e-08 -2.345097733220815491e-06 2.119115991041288041e-06 -1.031784104625831725e-06 -2.862876424752004501e-06 2.750149044226241069e-04 -5.894856699577492691e-04 -1.135825576871201227e-03 1.001734506013675190e-02 1.547155956273430459e-05 -1.317465633937734966e-04 2.350263630660718992e-05 2.059767149135023883e-04 1.616407676861678945e-04
9.428496221582279854e-09 -2.847817389138480091e-07 -3.502364587204010525e-08 -2.247503917412453478e-07 -1.646210221416321633e-08 -1.997544990080463764e-05 1.399433130623032420e-05 5.865414022599686656e-06 3.848322521048136801e-06 2.831644835996750473e-03 -4.572577257962730582e-03 4.141285768666494362e-04 -2.942491738993449645e-04 8.605028359787849496e-03 -1.502663306930440267e-03 4.171424296938712624e-04 -8.022732239537602348e-05 -2.528722066367097715e-05
-3.570737967239429225e-10 8.903316116452545847e-08 -9.234291375993406848e-08 -7.363285482738118211e-08 6.277941314751881985e-08 1.264452853356136799e-06 3.927394636954037243e-06 1.148874046695628902e-05 -6.114076081585539891e-06 6.357344228234476473e-03 4.040145843704500556e-03 -6.815898426125376226e-03 -7.083405972637005308e-04 3.601350185980337917e-04 5.894458145532880793e-05 1.367859481902819051e-04 9.848244820433409011e-05 1.591566598434604484e-04
-1.551144887937062992e-08 3.775524182389216561e-07 -8.346838502982925489e-08 -4.008792409421281150e-08 -4.120822816499410435e-08 3.357027098635545129e-05 5.502040159917139847e-06 6.508440989741582162e-06 1.735707560668542418e-06 -5.052215699057512922e-03 7.055646829767642236e-03 -2.961507558465103964e-04 4.827616701524287297e-04 5.338112241226366031e-03 2.652084617083827044e-03 2.466542850945570254e-04 -1.946575265688074003e-04 2.653669894347144512e-04
7.573943735797108666e-09 -3.558822546089891125e-07 -2.208672359735062628e-07 -2.665577988739064759e-07 -3.294010140657752290e-07 -1.158763718547429475e-05 1.982883464598636224e-05 3.603769279079383593e-05 5.217825279378845299e-05 -3.549932757202025366e-04 -3.013200909452142993e-04 -7.683856240653604876e-04 -8.778472697296881423e-05 -7.965287204939663365e-07 -6.321917124340677326e-04 -5.861030632036336608e-04 -4.868064809828243598e-03 4.995937498407982194e-03
-2.898696529634607729e-10 9.170799098744842704e-07 -3.573519872807658540e-08 3.603290365492809957e-08 -1.031652734988581074e-08 1.884212624550659241e-05 -6.214865992531102235e-06 -3.677662883761052850e-07 1.059878851789550337e-05 -8.837332137457631312e-05 1.473974522249965028e-04 7.699567788399214825e-05 -6.851679503395902062e-04 -3.787553404577458271e-06 1.122219035153397158e-03 8.421620118708058027e-04 1.376742815735502664e-04 1.554287806932258108e-03
-2.250129705497410537e-08 1.293760444324896939e-06 3.337778062256992316e-08 3.604026969400619508e-07 2.136043053758738873e-08 4.044037263618627037e-05 -4.768913261406819507e-05 -1.625180414837890854e-05 -1.053766791450921524e-05 -2.558154004244616577e-04 4.174952272980249519e-04 -1.952710779882270225e-05 -4.229082197170777672e-05 -8.019588349614110686e-04 1.276901002476422704e-03 3.452725506361003279e-03 2.275152140137219874e-03 -1.515739423134303309e-03
-8.363404642366649427e-10 -3.220303783157254700e-08 2.183111957114734977e-07 9.790149981744035030e-08 -1.469840980590709388e-07 1.182373594615905853e-07 -1.136377742428631810e-05 -3.993126025134864377e-05 2.301109374993959151e-05 -4.509485589015598591e-04 -2.722851185642104102e-04 7.066669002147683972e-04 7.476306829903078062e-05 -3.547301584901069979e-05 -5.176458251016896036e-05 1.247072609861927129e-03 4.428773177595879407e-03 2.889339428551615952e-03
3.775427373119467961e-08 -2.181192456541454510e-06 8.870391037415408263e-08 1.236962631906328107e-07 1.710294110994531867e-08 -6.955720951254694461e-05 -2.113978628012586636e-05 -1.605381111266772370e-05 -1.110957320332689775e-06 4.373964210271539480e-04 -6.276970233648172196e-04 2.089551684249822138e-06 6.579245465270564376e-05 -4.838644409916662806e-04 -2.351289476581943077e-03 1.773780161868305410e-03 1.859371414466934368e-03 -6.229488721926568966e-05
4.044463291887598328e-09 -1.405426063540138635e-07 4.556603293212181548e-07 -1.708447531203356907e-07 -5.898551458758395651e-07 -4.842543024692435049e-06 2.591526667025005544e-05 -1.005395013832577138e-04 9.222726177256553449e-05 -5.179884783170145241e-05 -5.857805382935778085e-05 -7.433968489229898292e-05 -4.981764468187037326e-06 -8.576347694203026125e-06 -1.723632396306562498e-04 -2.480398204075195089e-03 1.182117055879284076e-02 9.075655197042722597e-03
-3.107770480508823589e-09 2.533203910494814249e-07 -1.545584204368292523e-07 1.094071671726317070e-06 -2.100669255609394863e-07 6.506710281813256895e-06 -2.071998470099595724e-04 -7.492504262937900365e-06 8.931280040105550423e-06 -1.618053069648424396e-06 4.279495015636911689e-06 7.487560523011470677e-07 -3.737114796838139172e-06 -4.558958911651599344e-05 4.023981538379499661e-04 2.140588253029597487e-02 2.884830721789575277e-03 -2.444267038087617663e-03
-4.061278237503112595e-09 4.267286115520671179e-07 1.395841980938379276e-07 1.924275831830989866e-07 6.314784518786858073e-07 1.117640236676599535e-05 -1.221441338165850929e-05 -2.179426123758136335e-05 -1.290421620114610252e-04 -4.475557331221631559e-06 -5.908035811080205980e-06 4.330182525843310755e-05 7.895896273729394050e-06 -4.933784211488132906e-06 8.658885789270247962e-04 -1.270048012573180311e-03 3.825182909885324958e-03 -1.440942584562583326e-02
2.324478874952128860e-09 -4.391015454803791725e-08 -4.894895870058489297e-07 -1.373238299274049202e-07 -1.447607348201163276e-07 -1.779651164782047698e-06 1.864461443430506508e-06 1.079841896874381623e-04 1.171074308251577674e-05 -4.887572159685673939e-05 -4.450402235856049132e-05 1.308461040198846117e-05 4.731388148291741781e-06 -5.021902872175426855e-06 3.490383294787777988e-05 9.724980552732357753e-04 -1.330295889990388766e-02 -2.888307483364874282e-03
-2.186491859635792519e-08 1.738599710653500078e-06 -5.689243136397008315e-08 2.346210207352345112e-07 3.441828970980868347e-09 4.418844276176915408e-05 -2.459152356619174971e-05 2.612539951719867204e-06 -6.720193313319874620e-06 -3.714602195886513913e-05 6.425605835237648174e-05 6.818165692390872522e-06 -3.000007499897037647e-05 -2.584931393765365029e-05 2.362672997152499149e-03 2.451774163339141355e-04 -2.342929200886069332e-04 -9.849642698961972535e-04
-2.720228170193337896e-09 3.302239102505833657e-07 -3.840928497474233601e-08 1.618148088952985407e-07 8.078862102034318827e-07 8.077023737979800223e-06 -5.584895401933810872e-06 -1.508843274110634107e-05 -1.522602334640237574e-04 3.384925588308812934e-05 2.644535062851529518e-05 -6.440600014276810087e-05 -7.426582988498892969e-06 -1.055031625653837342e-06 6.276250144552640619e-04 -2.517216655302989894e-03 5.275836756350639131e-03 -1.499180472990802385e-02
-1.849763420079640334e-08 1.429146000555490988e-06 -8.550439904453409790e-09 -1.764285691416474365e-07 1.643302893311257255e-08 3.738766492650352590e-05 1.097634496612370843e-05 7.450277276565992285e-06 3.284702080903219183e-06 -3.006425223770127863e-05 5.010734739983679589e-05 -2.065874330618460094e-06 -2.612586949696800483e-05 3.215134642818703783e-05 2.066556371135840151e-03 1.948330834558863493e-03 -6.331750124738154189e-04 1.995688982994927175e-04
