1.000693365163735971e+00 -4.323903095208549152e-02 3.377440753902661869e-03 2.178284353346909407e-03 8.901300592603743215e-04
9.797125116714471699e-04 4.026176740335384308e-01 -5.330861004118847730e-03 2.120862528353046131e-02 -3.601306514223513028e-03
-2.496525037415441711e-03 6.735031030738092284e-01 -2.383583712226569271e-02 1.292309713152972606e-02 -8.786791349482299396e-03
-7.528106700493447819e-05 -1.063062334907633778e-02 -2.560992009513859968e-01 2.936125934866964382e-01 4.255601617867615372e-01
-1.511808948092511627e-04 -1.855150133428758522e-02 -2.065344477283838354e-02 4.619197329040222177e-01 -3.176080371470735297e-01
7.879981207062340838e-05 1.860220192970478761e-02 5.249135766121842961e-01 1.276584703381203056e-01 1.977425553417657411e-01
4.151512490588540695e-06 -1.091623897455362181e-02 -2.357440145617276106e-01 2.907351620821982396e-01 4.392822615316879786e-01
2.708420082943997534e-05 -1.895176427943581418e-02 6.889821755492955488e-03 4.894649799217281605e-01 -3.341384594947341968e-01
-2.817373445995148470e-05 5.557040952130198538e-03 5.183724518120090829e-01 1.613831100486299852e-01 2.010446573427189798e-01
2.272662787020012244e-05 2.988660279218325732e-03 4.645119594734074993e-03 -5.822739832761485157e-03 -3.605342264957558593e-03
-3.842783811449394717e-05 -2.500389581570854405e-03 -9.548353374997341214e-03 2.700074617416095904e-03 -5.239155978965921896e-03
3.086990483958885405e-05 5.937767516450098877e-03 2.137771074873123442e-03 2.723163837265727902e-03 1.533847551412401275e-03
-5.357847174992309597e-05 -7.424104371806363421e-03 -7.177675388609203525e-03 4.516705425646041182e-03 4.522578059238000110e-03
2.513656151517590362e-05 1.728978701661281099e-03 2.993395357751452851e-03 2.042647026623008785e-03 -4.501848059918671721e-03
