1.778194566112909492e-01
-2.086170167730729830e+00
-9.209436660840816247e-01
1.712303619950549916e+00
3.430110885345747818e+00
2.426035092896760226e+00
-2.729016528917512119e+00
-2.204696806649867336e-01
3.476118213440971605e+00
-2.675805148679365253e+00
7.837045792980605441e+00
-2.783187578840559784e+00
5.593058136623572096e-01
-6.645881244949418676e-01
-1.253948276863878775e+00
3.341244515746140564e+00
8.199720334204171124e+00
-4.344862973515060567e+00
1.742233603901783168e+00
-4.023290050364121129e+00
-4.168051781132844802e+00
-9.966545543847207256e-01
-2.870674562256397611e+00
-1.490828209687453887e+00
-3.439509239574997324e+00
1.035316642597929659e+00
-1.832323722907148511e+00
4.458246468220814762e+01
6.535255069237717596e-01
2.706521523545136976e+00
1.628147026271856035e+01
2.281525472201010096e+00
3.681834990927836504e+00
-3.183772951670951645e+00
-3.070894152570233793e-01
-1.507216977930760260e+00
-2.721640737327258819e+01
-2.708073827433396530e-01
1.594836498268377811e+00
1.408168114141219895e+00
-2.000408408760653067e+00
-2.348378725533323941e+00
-9.540053983159559881e-01
1.909166121648117720e+00
1.626090745125412518e+00
-3.525864599674439326e+00
-2.955757526837083482e+00
-9.417796873832791071e-01
-1.597843281720646935e+00
-4.831795961545171991e+00
-2.931696597033071505e+00
-1.180224079602237852e+00
5.747429660657802586e+00
-2.908429528713289081e+00
4.034819177572851467e-01
4.383876078876110527e-01
-1.007068198247589663e+01
6.433911841793397812e+00
3.113026549989907910e-01
-3.044251849172480817e+00
2.494109995261820090e-02
-1.754828108839846079e+00
-3.533607179501385698e-01
-2.515294537175023937e+00
-2.013053699285829001e+00
-8.196883517553809284e+00
-1.461506676515983649e+00
3.434843077543171752e+00
-2.207486041596700144e+00
-2.214149854406512574e+00
2.969602091566371893e+00
-4.606799880912653578e+00
-1.825881484407404276e+00
-6.869397382839022015e+00
-2.594295663676513541e+00
-6.781963497866897228e+00
-8.386245435045244889e+00
3.506537120006008035e+00
3.781515364753982755e+00
3.776156745397428072e+00
-9.019811719926456028e-01
-1.146567264122507090e+00
5.509672858097707682e+00
1.599706367784501815e+00
-1.182261164157516031e+00
-5.006314280667680805e+00
1.315223783028067306e+00
3.980327959641209112e+00
-5.194377024077106775e+00
1.992493192462699181e+00
-2.206537603188878371e+00
-2.257278475663890394e+00
2.121896763807686437e+00
-1.381327621207768086e+00
4.888205665039830894e-01
-1.278259799903981975e+00
-2.561475350864141021e+00
-1.500569736071900140e+00
-3.901309797753302888e+00
-5.352325943164204958e+00
-8.412874225471384193e+00
1.528882181084893155e+00
2.200892882115111360e-01
-5.337949681072760910e+01
-6.879172288356848242e+00
-1.689541717377499586e+00
-1.336969908002022978e+00
2.837753188058071530e+00
-1.602323737271590609e+00
-2.157264406808170332e+00
-3.984615257960892443e+00
1.003383838931597438e+01
-4.595889474869802704e+00
-2.948245952572651873e+00
3.282264542496721837e+00
-5.842676812519874474e+00
-3.186377132546418522e+00
-7.877686154196558377e+00
-5.869948016391215440e-01
-2.451788777074033732e+01
5.458008593765103278e+00
-2.234050745420278705e+00
-9.716510425670285001e-01
8.280528846082265915e+00
-1.859955728387059182e+01
-5.714578372528942296e+00
-4.937039640926726425e-01
-5.488644250208231767e+00
3.383841058735744811e-01
4.306170146184687297e+00
-3.690030035253639706e+00
6.089854972603073513e+00
-5.684374985052860207e-01
-2.808379471573547725e+00
-4.129147755935179909e+00
6.219972225209957628e-01
3.125918406939266703e+00
3.422173509157678151e+00
-5.825656283959187220e+00
2.100231325085394563e+00
-4.568118347495363496e-01
3.888898027073531161e+00
-4.236403826261827277e+01
1.780885991672284341e+00
-7.065930269832183086e+00
-8.411556750928133042e+00
-1.094802996055159916e+01
4.709488923190393805e+00
-2.014561540441667464e+00
1.050000724039014344e+01
-6.422845585313974759e+00
-7.062849162289567495e+00
5.832448408782715532e-01
-1.285495498403621317e+00
1.009463167939919082e+00
8.223260894620677774e+00
-5.355231112006428873e-01
-4.451350426942309646e+00
2.042475708237574850e+00
7.110885032028041453e-01
-3.124744879987823243e+00
1.093925609259973797e+01
-1.765355633059169982e+00
-1.614682173877048710e+00
-8.116681794223645774e-02
-1.241926405739202988e+00
5.087475994483569686e+00
-3.645422488388793791e+00
-4.024612343027266448e+00
3.120285669864089506e+00
3.691547280755956173e+00
1.208944825789313171e-01
4.224522829695587234e-02
4.038688653964668807e-01
-1.908394620422300791e+00
-1.384931219754356402e+00
7.030591590072451424e+01
1.228965330524331545e+00
5.300270774149741904e+00
-1.898412271866246170e+00
-2.655371036247784478e-01
3.392897240580895701e+00
-1.429650309125013052e+01
4.217011458704468252e-01
-3.943051296463898847e+00
1.852598614904041208e+00
1.798045131871993885e+00
3.205830301733228360e+00
-2.131480681737269123e+00
-7.594496147928053276e+00
1.779008036562071737e+00
1.529245761541590198e+00
1.392663645970869091e+01
1.219579877636325582e+00
5.721979497497758693e+00
4.208358435864958946e-01
1.410790495154786051e+00
-4.283608004479192211e+00
7.518318909750075107e+00
-2.288574514486964251e+00
-3.660012312875157825e+00
-8.870420652751271007e+00
-1.416420327510210297e+00
-5.030070449748821559e+00
1.238813381335599750e+01
1.973596758589907907e+01
-5.179466338236344836e-01
-1.125643388297995484e-01
5.132665090358334403e+00
1.157922676651933536e+01
4.480503954644567521e+00
4.338401443849251859e-01
-6.611042564368818653e+00
-2.736838831651548620e+00
-3.914588555442502837e+00
5.122022406508721648e-01
-4.076305155205131037e+00
2.604475038138776899e+00
3.377959747594533546e+00
-2.895323014377973792e+00
3.224251435683372247e+00
-1.392602337241367616e-01
-5.881620569702881163e+00
2.226428372191629279e+01
2.998456639099471577e+00
8.561683400959539725e+00
6.856481988546442530e+00
-1.506735205190407267e+00
6.099169919423497177e+00
1.217124202386842935e+00
-3.448879254736931799e+00
3.039717394815782292e+00
2.615611846559115161e+00
-1.096331623346914341e+01
-7.090347235810132709e+00
-8.729460500721779592e-01
1.110594035979938496e+02
1.971999560619357084e+01
-1.388709416868960433e+00
1.227503345378577970e+00
2.898667206506502225e+01
2.345486789780241388e+00
5.438042854466319298e+00
-1.500589266414227296e+01
-2.365304973022073209e+00
8.734348649757446026e+01
-4.786081193801151046e-01
1.429549547677627785e+01
9.486252063669775580e+00
2.110348672673050541e-01
3.020040071819604321e+00
-4.385224949480616141e-01
1.505045136578926357e+00
7.346328315703104517e-01
7.495241028752277046e+00
1.352747271554255448e-01
-2.095486870873211771e+01
-3.674287198688580780e+00
-2.969917404458703114e+00
9.728780870437463424e-01
-2.343086191302645460e+01
-4.362865203195643637e+00
6.591810850711956604e+00
-2.997761654968408074e+00
-5.287584814292083379e-01
3.018612692878463477e+01
7.534540887314196311e+01
-3.231226662085552093e+00
1.314819556971461856e-01
-4.576945565089954315e-02
-9.350935466253120776e-01
2.130157200677429419e+00
4.781447545745812988e+00
-6.000234822904533161e+01
-3.592052637450916297e+00
-7.566407983937282200e-01
2.569607635870833739e+00
7.129190380847880704e+00
-1.031193026798133738e+00
5.697421916761397753e+00
-9.006874392205508784e+00
-2.677666085913818605e+00
6.671601800180658515e+00
9.307676314103504600e-01
1.663124253740851710e+00
1.588313867375979571e+00
9.994363627934951921e+00
-2.197407561766020923e+00
-8.229886622801114271e+00
-2.149342557367493356e+01
-3.471818249098862275e+00
5.087777855244158332e+01
2.623840317012439805e+00
-2.792679300589012037e+00
4.767202197571110744e+00
2.463034752923601634e+00
4.946785310151684989e+00
3.691922769740259014e+00
-3.372489567987262848e+00
-4.696257100583029143e+00
3.149737604911006272e+01
5.089922413964901304e-01
1.682905277415780532e+01
1.170169046397706719e-01
6.970482365701058391e-02
-1.836733558342782402e+00
-1.007960988824540323e+02
-3.848639978905763481e-01
-3.680727503572285841e-01
6.359421863659910912e+00
1.240797915399079443e+01
-1.072422774516148314e+00
-9.889808570407476740e-01
1.235537069219810213e+00
5.211448937226964517e+01
-4.122711227287743974e+00
-6.482830515011730910e+00
6.930355309518625440e-01
1.616221871021674472e+00
-3.669731907973694973e+00
-1.450166266840421381e+00
7.155382694377664166e+00
-1.007250505343414204e+00
-1.510784160976571311e+00
-5.228188656637669141e+01
7.825932746540745777e-01
-2.096128304841242880e+02
4.435216369939587455e-02
6.929588220607223459e-01
-3.660288932426584818e+00
9.633087085367988411e-01
2.504595816881642456e+00
-1.483223857509030097e+01
-3.035788352436467052e-01
3.080025277996618627e+00
4.343036693962803341e+00
-1.539151998677233957e+00
-5.038916792986845472e+00
1.407906232067745655e+01
