1.000007369075570862e+00 2.204188775621948441e-04 8.798804421170128458e-06 -3.055838702128288844e-05 -1.390592710327693052e-05
-1.736191422299108941e-06 1.004127693057415005e+00 -8.221029646196489524e-06 2.862118508447609945e-04 -4.249532227556759335e-04
-2.155921895197356782e-05 -2.510306952511615931e-03 3.830651098914233596e-04 -9.374357071543351150e-04 -4.597256141641240380e-04
-2.632041413113283710e-04 -1.882101481552340624e-02 3.697410945863117336e-05 2.392031769116890810e-04 8.128996960246120666e-07
-3.864265318946070768e-06 -7.096731080908889617e-04 -2.473102738314477966e-01 7.982631626600000807e-01 -5.485200870408519780e-01
4.775731374628829171e-07 -3.084324822049654146e-05 9.680226531652700306e-01 1.836890059405302811e-01 -1.692336003408123901e-01
-2.053279284322090760e-06 -1.696834370630299004e-04 3.445417981764749976e-02 5.729894091528298095e-01 8.183052307564423478e-01
-2.715218248043824195e-06 -4.484604535500192907e-04 2.257813841462652169e-03 -6.295654142027860313e-03 4.029153469508032007e-03
2.885027834546794361e-06 3.293123477688367391e-04 -6.644518911743629679e-03 -5.874814024323761008e-04 1.516387511807171630e-03
-6.147106665021284155e-06 -7.553348803809544192e-04 4.002590958114601426e-04 -4.939197011408456850e-03 -6.958901699184566990e-03
-3.042992207111632191e-07 3.763126248580542265e-05 1.940670454229297863e-03 -6.017832360588785262e-03 3.520550339195090313e-03
1.770624372275610478e-06 1.064519684264385432e-04 -6.628454643676141671e-03 -9.548167246965130186e-04 1.283754586858939497e-03
-5.460286350332630349e-07 2.062822111564117065e-05 1.907309626887444885e-04 -4.680352299747251796e-03 -5.936022747213371906e-03
3.753782025016060037e-06 4.168889397781870977e-04 8.795221852065587343e-04 3.114914116512530404e-03 -1.414478882413298293e-03
8.545663468897816192e-06 9.500723649142969610e-04 2.007765585959260610e-03 3.041916719389470714e-03 2.384076540687537007e-03
-9.252006276590855454e-06 -1.027358419334255821e-03 1.859090382768266827e-03 1.382960545522539386e-03 -5.962425655993782228e-03
-8.826868188025352059e-06 -9.523427338394680440e-04 3.864719246250666635e-04 3.894209506564220730e-03 2.419059567131840935e-03
-6.048765382810308566e-06 -6.295420824647806344e-04 5.478815392272202295e-03 -2.516707110823118883e-03 1.411609984555645429e-03
