-2.832101117691601666e-01 -9.341501141594672764e-02 2.206935183745073352e-07 -7.667795810563560169e-07 7.721265715912740172e-07 3.907701259878398198e-02 -8.004776921269401400e-07 3.923187921563840606e-07 9.956265793102624581e-07 -1.513444146206169126e-06 1.708189309503101658e-06 -3.625968156014011795e-08 -3.524197965079172482e-07 -2.523262918662466481e-07 -1.562401828779344873e-02 -2.038650423479197271e-05 7.541442455892681110e-06 5.995513056241090517e-06
7.734990821461952271e-01 4.114962622849405172e-01 -9.791947752710561337e-07 3.429448688309029965e-06 -3.447346913815344426e-06 -1.843013382691888469e-01 3.923721143577558259e-06 -1.947245124196596311e-06 -4.789015879962009112e-06 7.018259599170541489e-06 -7.807498793382024950e-06 1.570480329658794003e-07 1.773768670153244910e-06 1.177301235247496324e-06 7.355995777399834679e-02 9.593956394027451456e-05 -3.521820239186561016e-05 -2.829757733232700920e-05
-1.572324832760499391e-02 1.252834429798226068e-01 -3.571016993167523220e-07 1.374949948599006755e-06 -1.325888096615288649e-06 -6.345297267946271857e-02 2.295977839507946910e-06 -1.320871522239075430e-06 -2.235478417341238637e-06 1.236605374638369936e-06 -5.524307704712363162e-07 -5.279972191302197881e-08 1.328409563771535549e-06 2.594300144558040317e-07 1.810007739147494535e-02 2.257565823366930523e-05 -6.278299528482832152e-06 -7.291028195523337663e-06
-2.110939112325394343e-02 9.792913413394426225e-01 -2.236135175112290607e-06 7.756873307641912120e-06 -7.884130063160824380e-06 -8.189850664727429397e-01 1.540066077401929711e-05 -7.099922779473305210e-06 -2.006137069793225358e-05 3.647640703337156102e-05 -4.290761868348128488e-05 1.032448616179111700e-06 6.242185709485761396e-06 5.909773939236102976e-06 3.920206237906636582e-01 5.195279201006541836e-04 -1.973119966091620939e-04 -1.510450703142651675e-04
6.516411139846806609e-03 3.038542278167741945e-02 -1.444141304133740022e-07 1.175380284180684229e-07 -7.193401234136217035e-08 1.260972072728586912e+00 -2.475302001046373991e-05 1.041186788847835146e-05 3.193615712123425702e-05 -7.311538487978546589e-05 8.699315793031150025e-05 -2.029208601279459626e-06 -1.043670146268646935e-05 -1.111629476736975186e-05 -9.763914598139048495e-01 -1.348559491762556716e-03 5.213486988800158537e-04 3.875822632937854593e-04
-2.052923721209843917e-03 -6.062804950903383575e-03 5.032448012189206649e-08 4.051891060597468091e-08 -4.685118974173970216e-08 3.197041223160190099e-02 -5.968074098788804025e-06 8.387828989572504904e-06 2.031183101383131776e-06 6.500607150635268571e-05 -8.635946058674167009e-05 2.458950874514265016e-06 -6.136345749548233451e-06 5.925253854102864892e-06 1.273186473215120129e+00 2.251589805459286529e-03 -9.956714750825193874e-04 -5.913798874857301461e-04
7.290438549432430105e-04 1.989744678161633942e-03 5.469634164517709144e-09 -1.861076940867900296e-07 1.484515448920482469e-07 -8.459974011020028953e-03 2.348755765965135060e-05 -1.728172300390032971e-05 -8.979074224882747056e-06 -3.854340282989365547e-05 6.688660316752072731e-05 -3.682858741911679849e-06 3.671914316917266924e-05 6.989810645759115107e-06 -2.476276637357815655e-02 -2.713828025744437558e-03 1.700498074566230951e-03 4.637186557756379558e-04
-3.276610328438004120e-04 -8.876992922887275497e-04 1.139208599707234442e-08 3.765285475339595585e-08 -2.607790472344543660e-08 3.757078028956493086e-03 -6.028391663184260684e-06 2.816620484352048956e-06 1.785627613331760788e-06 7.204090504987560424e-06 -1.459213320738323274e-05 -7.320435610737952931e-07 -1.432784514322965120e-05 -4.144166749897438651e-06 5.562301471705235166e-03 8.417868898844819330e-04 -4.065286554876505623e-04 -1.398818448202183507e-04
2.380042044602232722e-08 -1.611134828524039424e-06 7.696972474589615087e-01 2.853107195067901003e-01 -1.544280820699389933e-01 3.693049055070802437e-06 3.002733448564931518e-01 2.538436727073004051e-01 -4.310910912955194518e-02 -3.414223189099167239e-06 1.144693811112936301e-06 1.004781692413979574e-05 2.638177358783128786e-06 5.206067396336028036e-06 -5.702305411745461688e-05 9.184808960564221081e-02 9.459821063093190596e-02 -3.967401322127001029e-02
-6.770716850443702444e-08 7.549105032214113733e-06 2.071527017733362785e-01 -1.262276488777547279e-01 7.992740725208162811e-01 -1.143642105199966121e-05 -1.035632990384971058e-01 1.797093137528594786e-01 3.368104745790713728e-01 3.967108070510614694e-06 2.271105677272622531e-06 -2.890761411947126634e-06 -5.484660402320116953e-06 -1.204796346333478322e-06 5.984230426518973809e-05 -4.311283807040767330e-02 8.403411322662865390e-02 1.002429228640015213e-01
5.533016756287632631e-08 -5.007760350760549291e-06 -2.496772621773879486e-01 7.748209131930787752e-01 1.870770819029870247e-01 1.920765346510058431e-06 2.357235694259867675e-01 -2.443969326459239366e-01 2.028892028418644577e-01 2.054759310382262789e-06 5.864168364499383225e-06 -9.064084316052109710e-07 -2.870632665107946199e-06 3.192289896669372551e-06 -3.584702524160458711e-05 9.282552105418845345e-02 -5.450672410683140429e-02 8.581606033311965642e-02
1.657023058535567669e-08 6.343757123994145777e-07 -2.076687359791765386e-01 -7.697957309424049988e-02 4.166576542171837594e-02 -7.836820881984724630e-07 8.316434996730896539e-04 7.071310340979390478e-04 -1.206636811130127311e-04 -4.412395009720988296e-07 -7.924956802424118647e-07 -1.965725551491478713e-06 -7.334963874696603603e-07 -6.180855119154004899e-07 -3.718637910540178686e-06 3.600082050894366954e-03 3.641011719751828871e-03 -1.528975413110838849e-03
-3.783230577776547026e-08 -2.831919406963353261e-06 -5.589083836734570071e-02 3.405761626478925885e-02 -2.156485895476075720e-01 1.673958774717480252e-06 -2.863559331078136916e-04 4.993353191391795495e-04 9.384519310768494943e-04 -2.550583932823610298e-06 -1.194876733777420998e-06 -1.069982979489909731e-07 2.993540486178524178e-07 9.609331532529662493e-07 1.219080676640258757e-06 -1.700499729616320767e-03 3.254544625444041449e-03 3.886364430705050409e-03
3.211422610759431858e-08 1.932047996691244029e-06 6.736375160048986566e-02 -2.090520131754751432e-01 -5.047381497629608443e-02 -1.006140641397278071e-06 6.517583747383133000e-04 -6.798840226609147684e-04 5.657557878907232924e-04 -2.499210812655545775e-07 2.261220031987162612e-07 1.185166589229784294e-06 -6.231310684717031771e-07 -2.296388142912580719e-06 -3.485040110146243315e-06 3.650369577505484936e-03 -2.105240219460237719e-03 3.316950751176744438e-03
-7.440835955439533993e-09 5.921303361626119925e-08 -1.095985184843727665e-02 -4.062788398602275655e-03 2.198966208746735290e-03 1.025823439850658663e-05 7.450825287939716324e-01 6.298746946358196874e-01 -1.069676151088265886e-01 -7.589617445032158246e-06 3.482375160910334682e-06 3.187171086508819567e-05 8.064052251114226750e-06 1.553271028209305947e-05 -1.832239659119848808e-04 3.170080992316323121e-01 3.267952783617195656e-01 -1.370604028920385242e-01
1.730330017343786657e-08 -2.773475683278660566e-08 -2.949630974038094499e-03 1.797501655733807057e-03 -1.138087470539562128e-02 -3.100119948191903062e-05 -2.569757211858926249e-01 4.459216926372253642e-01 8.357425896481873728e-01 1.607971537516058130e-05 8.998428801324909849e-06 -6.516441310247906339e-06 -1.524446165028368649e-05 -6.365400501984396373e-06 2.004993706606350578e-04 -1.487596660892327727e-01 2.902212466248997869e-01 3.462128869782469809e-01
-1.551019833707054907e-08 -5.837052627916324087e-08 3.555081626908095181e-03 -1.103293654875412387e-02 -2.663678188857882077e-03 6.682373596466336639e-06 5.849120461522837600e-01 -6.064332176784656969e-01 5.034377695220682014e-01 6.744258989855232385e-06 1.501975375318668354e-05 -4.228755850748399140e-06 -6.879055554161123716e-06 1.331996813218046415e-05 -1.071996816546541374e-04 3.203345224805748681e-01 -1.882684163475161765e-01 2.964262949170745065e-01
-1.096994230252699518e-08 1.165840249161788288e-07 -1.664386114865227476e-03 -6.170720944612917381e-04 3.338969106748782023e-04 -1.446031403855207337e-06 -1.394956760191997658e-01 -1.178388614388746480e-01 2.001745944205323216e-02 1.485342410630848765e-05 -2.486379985417971452e-05 1.168979957636985738e-05 -1.326324333727491417e-05 2.917307594935583276e-06 -1.811083434304345912e-04 6.810629069569802407e-01 7.051054520733197606e-01 -2.959187863331422808e-01
1.978194560313661983e-08 1.179485430948983581e-07 -4.479406080298642206e-04 2.730359340330097673e-04 -1.728080375390038392e-03 6.423870568462891209e-06 4.813272866242767484e-02 -8.344679899618663577e-02 -1.563799524008511466e-01 3.533755917884050423e-06 9.150683158837629618e-06 2.122722913444774229e-05 2.089678047054636766e-06 -2.317179837787291589e-05 2.411871044314776189e-04 -3.192292949275900571e-01 6.254821646765393872e-01 7.466522778908183389e-01
-1.833805042561253066e-08 -1.342479149748746286e-07 5.398100419054652601e-04 -1.675487585304093413e-03 -4.043722251353384966e-04 3.936475353519507521e-06 -1.095319393098810323e-01 1.134845555517363519e-01 -9.419385898102923538e-02 9.128902381885487416e-06 -1.007686061592385544e-05 1.274362741534992400e-05 -4.690950619011345347e-06 -3.159848196549430180e-06 3.164144111372331822e-05 6.877915260659531738e-01 -4.059665973758838087e-01 6.396367271143512667e-01
1.162250017736439485e-08 -1.711442632743372046e-07 1.152714517675823428e-03 4.272336676662517201e-04 -2.311686395476564445e-04 -3.108672630753883054e-06 9.591496100432660155e-02 8.100651059038291302e-02 -1.376688443862718672e-02 -1.211900048014179032e-05 2.791050483082459992e-05 1.131103275190551602e-05 1.810695377759343293e-05 6.493419487632136896e-06 -3.632311540997725939e-04 4.361394320750647258e-02 3.980550728514748587e-02 -1.640362774760594985e-02
-1.760973428564692070e-08 2.213141410514426875e-08 3.102882673930876874e-04 -1.890201093025011621e-04 1.196720618006461836e-03 -8.095565953704110425e-07 -3.310225545190537827e-02 5.736791597772721019e-02 1.075221836776553280e-01 1.904585586591417252e-05 2.476976005968784883e-06 -2.030177403090060374e-05 -8.377808655724858840e-06 1.111223584712109544e-05 3.127174326842075357e-04 -2.110934313853276775e-02 3.658484326586327468e-02 4.287571329360360256e-02
1.649822053326896837e-08 -2.710651297324520976e-08 -3.739119319063983408e-04 1.160240711573902114e-03 2.800801917720216450e-04 -7.230851377334234753e-06 7.531822298943731397e-02 -7.802306244729018125e-02 6.476445761842178350e-02 -6.787476698606212786e-06 1.038304185833723130e-05 -2.062784219099533575e-05 8.391190950029049641e-06 2.124510251789587945e-05 -4.350669328301583444e-04 4.480439726082438567e-02 -2.337208260580967215e-02 3.609555752374496440e-02
2.959370748090458642e-09 -1.013686666840928906e-07 1.950220176857791351e-05 7.129825666102341533e-06 -3.890501918133764958e-06 -3.249289795819673252e-06 1.549290499164099853e-03 1.284924772929990199e-03 -2.190492426149171932e-04 -2.014665688754059649e-06 8.021925933507559252e-06 1.498879275033391196e-05 7.858847956899539609e-06 7.452693393595815561e-06 -7.753078695696230766e-05 -1.269126741737768536e-02 -1.056888664955390154e-02 4.565177034912611988e-03
-1.140978006140555287e-08 4.759384852990426219e-07 5.272238436338831163e-06 -3.150062890788820588e-06 2.024036293029229095e-05 1.423999486438912104e-05 -5.404416578745863077e-04 9.166634715070225148e-04 1.713203952444516216e-03 1.291305259057237939e-05 5.144721866257976132e-06 -5.502226852375094160e-06 -2.926761895791995316e-06 1.095221511563578571e-06 4.204322607229516806e-04 6.288611909016403323e-03 -9.893569279265988434e-03 -1.192810947439337972e-02
7.555436726551927633e-09 -3.081990994007192512e-07 -6.370850779132682340e-06 1.950948915914899341e-05 4.776253701501643393e-06 -9.781383244219300064e-06 1.227097339722418726e-03 -1.249500318771849805e-03 1.031867182992450950e-03 3.802842622082973296e-06 4.996307664916408102e-06 -7.956154083146466116e-06 1.887551755213942680e-06 1.180796654848119905e-05 -3.280186872344995216e-04 -1.335198897379413947e-02 6.487788082211627672e-03 -1.010322530346464791e-02
3.060155057746402902e-09 -5.531674953167402564e-08 4.039358889059894733e-07 1.594156791138399872e-07 -1.748242868163968338e-07 -6.297844279972932830e-06 -2.769927317745895937e-05 -1.110221125760129498e-05 1.112088889748940502e-05 -2.773962349579846554e-01 3.365413755421966524e-01 5.714596216869964884e-01 4.011758691559706991e-01 5.641608299990339415e-01 1.917148590200281255e-04 -2.934668301094707304e-04 -5.572792351292445541e-05 1.395735320646068506e-04
3.743763822834326885e-09 -2.236855157296335683e-07 -2.448939332375210525e-07 5.253253037191189695e-07 -1.911174449390718907e-07 -1.577234038855236726e-05 -7.213133447485779657e-06 7.624115320263274858e-07 -7.882288443384022304e-06 7.599786566019862966e-02 5.894748154889007941e-01 4.526577022563793573e-01 -5.303553817686795790e-01 -3.956712306220564468e-01 2.442062157767548210e-04 1.065412795138258306e-04 -2.266044738568146681e-04 5.093376280835378353e-07
-1.281837259296981044e-09 1.619428962504871205e-08 1.095127860939731577e-07 -2.620494789075525577e-07 -3.293035523389224309e-07 2.993773525875503447e-06 1.718629129185561461e-06 -9.863983676889384166e-06 2.253257291554928494e-05 -3.537564467244601607e-01 -5.396900557197860104e-01 5.268975436917540112e-01 1.851433397596002617e-01 -5.173780321872085697e-01 -1.032341671137154519e-04 5.207035271661837172e-05 -2.473701335188880894e-05 2.524689078504087228e-04
-7.945279623214960340e-09 2.512321409370632199e-07 -2.519423384041993337e-07 -1.859317456213742662e-07 2.280101829488636055e-08 1.959398988165309032e-05 8.057803724044196187e-07 -3.325884076896373082e-06 -2.805561014847049156e-06 5.965521935459109359e-01 -4.537327916092177005e-01 4.232065272539136114e-01 -3.378003862075943387e-01 3.755325381573739185e-01 -4.210554620640309578e-04 -2.382838624070671819e-05 -1.038379739538253742e-04 -4.335203680374662897e-05
-5.036101904642655616e-10 1.932367331985495879e-07 -2.353050600356001936e-07 4.236694669943463795e-08 -4.507141450171917430e-07 1.306287407816957102e-05 1.540559782309213112e-06 2.191259086386845574e-06 3.827274215254885696e-06 6.574461220279010920e-01 1.951781124421728131e-01 8.829384209475359124e-02 6.367075336644443251e-01 -3.353650285556351585e-01 -9.162905070536208219e-05 5.320597589534607020e-05 -1.634423637463698555e-04 -9.132634894884295127e-05
5.403946656584699616e-09 -2.090070179313045684e-07 -2.550451842087240565e-07 -1.838242394390550670e-07 1.559507333707193505e-07 -1.437169493004852737e-05 1.992313687721579152e-05 8.014248746526219931e-06 -5.040875391326025180e-06 -2.838208145435725145e-03 3.448987736478350240e-03 5.844043438737987935e-03 4.082205896596757984e-03 5.721911441946396677e-03 -1.091599808482384727e-03 3.637966086683767659e-04 -2.837148601058903335e-04 -1.788696603807789622e-04
9.213615908894390862e-09 -4.734025433740915624e-08 -5.829344880343973667e-08 -3.263905212998794124e-08 -1.104599757120868111e-08 -1.372924389894272436e-05 -2.813559888511670812e-07 8.309959846792462304e-06 -1.065474226703712115e-06 7.639841022301770103e-04 6.019459085561679711e-03 4.621075679790601076e-03 -5.354319989778265169e-03 -4.024660475225753931e-03 -1.083906549839628187e-03 -2.990271198776261585e-04 3.555310264645474266e-04 1.583028028240265536e-04
-4.937056251845513931e-09 1.846251183439717999e-07 -7.590441498958223512e-08 1.785614777352454463e-07 2.247081230738948622e-07 9.608902727735089776e-06 -4.432604402646807283e-06 5.632951328746837154e-06 -1.822731533084139793e-05 -3.589567779051962369e-03 -5.504624957308656454e-03 5.396937201402508474e-03 1.886444336812009848e-03 -5.260695164469586516e-03 6.074923682579314770e-04 -6.284163799673445300e-05 5.394489477291971523e-05 -7.905259278357655323e-05
-8.638005979468428835e-09 3.589713499242238150e-07 -1.309752980716335504e-09 1.125998164460725177e-08 -6.003994163938168006e-08 2.615956709563144525e-05 -8.670321849874118072e-07 1.742658497644667422e-06 4.516418370789533818e-06 6.100001137022430589e-03 -4.662080615708217787e-03 4.319590746598164256e-03 -3.422316994991200009e-03 3.811941252355489050e-03 2.197847582557977721e-03 1.798615777842492284e-04 1.734250100859777892e-04 2.181670800396802501e-06
-5.207577417696183714e-09 -1.012561993407404411e-07 -4.420302791766449107e-08 6.052292823294310217e-09 -2.801137208496859681e-09 3.515097398212088693e-06 9.517469484976318324e-07 6.721662654072648961e-06 4.067218643570809330e-06 6.691495161221981507e-03 1.983021517519521770e-03 9.256467406157078883e-04 6.449045078795871341e-03 -3.409648012515060101e-03 2.841682653981146794e-04 -2.104089628263146165e-04 1.510272070613103475e-04 1.950772778592540677e-04
-1.836681751141179500e-08 1.293563279016423632e-06 3.726317074277935338e-07 2.937360147821515752e-07 -2.555965885583681390e-07 3.778913463240615554e-05 -6.472180135036626478e-05 -2.266045543727987933e-05 1.889384185913470425e-05 2.390254183966854576e-04 -3.389752088973728016e-04 -5.895116224135474878e-04 -3.818611559883938007e-04 -5.217261404803420115e-04 1.354077536769328393e-03 5.406601720320770507e-03 2.962007982690007066e-03 -2.541632709499038779e-03
-1.816842049841120210e-08 5.131392518914959141e-07 1.397859069129359040e-07 -3.311237906117531748e-08 2.844670053505064559e-08 2.183002043097769963e-05 4.450446747329598357e-06 -3.160653334002352119e-05 -2.439940598906840589e-07 -5.426721893250127231e-05 -4.266906586201117050e-04 -4.219392479935272708e-04 2.814516894810699475e-04 3.752695871191241120e-04 2.136140752488270447e-04 -1.006833714659241021e-03 3.695130395621653088e-03 -9.789901348095108886e-04
1.211370409501007609e-08 -7.010824216679672401e-07 1.151432163890924361e-07 -2.735785767018005868e-07 -3.343272549686891609e-07 -2.181019496484984334e-05 1.329486639837326354e-05 -1.905991779242336104e-05 5.637818784426877329e-05 2.134004592149217139e-04 4.254163077086049283e-04 -5.645771013618115482e-04 -1.399044259745016515e-04 5.038080356049505319e-04 -8.092743354408076352e-04 -1.006285708233731419e-03 2.743665500382023309e-04 -5.996264521834369400e-03
2.457915091557962065e-08 -1.892765703034606488e-06 4.050009321162208145e-08 -6.107714085455809702e-09 9.816745687724343076e-08 -5.562396103201109763e-05 -5.049685056766969819e-07 -9.246718270155678213e-06 -1.403861502923671345e-05 -5.129580090562419663e-04 4.792472862897629747e-04 -4.314512915653475624e-04 2.959937775846918227e-04 -3.468601553912389348e-04 -1.944817412366247646e-03 -5.463807700511898700e-04 1.589276678539927297e-03 1.086658781750129586e-03
5.747938185679712492e-09 2.658648044628033266e-07 1.206058539528487873e-07 -1.172260241833750806e-08 9.240511027235717209e-08 1.554453179753647767e-06 -9.860456738240626237e-07 -2.435008921397208864e-05 -1.730614418327739150e-05 -4.372826709025009182e-04 -1.763578714102612566e-04 -1.646890171769973816e-04 -4.478915284138211203e-04 3.225357047464933011e-04 3.943618723930906837e-04 -1.682494553302571764e-04 3.247489854768918077e-03 1.162873771740150766e-03
-2.042980190606253213e-08 1.541771889659315191e-06 -3.118752474303635450e-08 -2.392997927717805470e-07 -4.329606728678381241e-07 4.024253245461030152e-05 2.981470992889025427e-05 9.708291165349720322e-06 9.661290586727264867e-05 2.020301441931981958e-05 -5.111142732141798220e-05 -3.716890262192786454e-05 -3.355872400369281299e-05 1.695930676613758924e-05 2.160017438141143779e-03 -4.275425385702896937e-03 -4.908055248727088982e-03 -1.001447517873363564e-02
-9.992621158392383962e-09 6.629056823369025950e-07 -2.253675842301733252e-07 1.055840111832661276e-07 -2.540462500293564456e-07 1.806720340136791083e-05 6.326731937043157222e-06 4.888749633882776631e-05 2.048808194211841215e-05 5.007401442237913229e-05 6.255099391407883272e-06 -2.473187089944609404e-06 -1.381484330685888085e-05 -3.356449383225555060e-05 9.685623124625489591e-04 -2.355023755703087272e-03 -5.044435712032971537e-03 1.070362741604526319e-03
1.210778067593161790e-08 -9.824812073793001143e-07 2.684608198825900300e-07 -6.634893066477533499e-07 3.369059969767105662e-07 -2.590201957382702613e-05 1.022268521442905217e-04 -1.246122237966061576e-04 -2.056152792839094644e-05 -2.755120332335471796e-06 1.625837327816839428e-05 3.015965181310959744e-05 1.757979001410217695e-05 2.883247738435678954e-06 -1.619511211008732316e-03 -1.329993012978578776e-02 1.395956382112384549e-02 -1.138213754598095062e-03
1.401874605375617318e-08 -1.203045967168601429e-06 -1.411110465422826228e-07 -1.679796965432721441e-07 -5.953432713165152381e-07 -2.947423942527651982e-05 2.034213514506011004e-05 4.448767227120461608e-05 1.051123356345742843e-04 2.484503026678677378e-06 7.011417283856068356e-05 -6.969208432776158020e-05 1.114570108138710154e-05 -1.674112556478013734e-06 -1.551729168482789524e-03 -2.397409912705032297e-03 -8.582576328457330525e-03 -8.260832095577255382e-03
-2.502985137332905958e-09 2.540901290820238770e-07 -2.495384857841310166e-07 -6.653249013478654417e-07 -7.615722655682917356e-08 5.197012834847930945e-06 1.103788025927571800e-04 -1.446132702221493664e-06 3.292592552205466007e-05 6.450578856683281061e-05 1.654625271605154310e-05 -3.001594709424896331e-05 -2.502754516887334521e-05 3.926164070512702366e-05 1.806512694735497185e-04 -9.594882431377458817e-03 -2.347825587385137490e-03 -3.798758859474079966e-04
1.584179715262429951e-09 -1.969512901829790956e-07 1.063653770554383239e-07 -3.672468065330425095e-07 -7.397797816243217512e-07 -4.831626982900878280e-06 3.901588014023488205e-06 -3.783059015468205594e-05 1.561268770963411968e-04 2.336987589688798136e-05 1.790201485641928255e-05 5.674399652344120780e-05 1.334828936492524344e-05 -3.552757517705094839e-06 -3.923800646353700888e-04 7.746814728893474907e-05 1.574745722319384868e-03 -1.782626691889770479e-02
-1.223189086026234420e-08 6.865546023760033066e-07 5.416989530619473845e-07 4.469756567430461678e-07 -4.138390275532963963e-07 1.944603022403759745e-05 -1.360298269575772260e-04 -5.074893831213202921e-05 3.731553776109174434e-05 5.638366964197059612e-05 -2.142967755919630964e-06 -1.749873575481524862e-05 -2.378900678168171110e-05 -3.457942865833946459e-05 8.818935314198573594e-04 1.330819231547811059e-02 7.972475773518393136e-03 -4.284644756377025028e-03
