1.000697652598879328e+00 -4.310040546979217874e-02 3.090063177962892784e-03 -2.213256297353689665e-03 -2.042529859737066654e-03
9.891423726734174457e-04 4.029323097808770182e-01 -6.762795051119199416e-03 -2.195457216342366902e-02 -8.414160972149677337e-04
-2.508259071232730314e-03 6.731453817810453266e-01 -2.399326001872592248e-02 -1.364636989161025632e-02 9.665197355841202362e-03
9.864377880150548424e-06 6.404323245691189576e-03 4.383911786003589772e-01 -1.560527215429466930e-01 3.237272172280470928e-01
9.328585529184427801e-05 8.956502640347785080e-03 1.302174531874291481e-03 4.920163340194353974e-01 2.776948563141189430e-01
-1.562253094547350735e-04 -2.640935129186695873e-02 -3.848738708027260591e-01 -2.228001044364146255e-01 3.748999478228687843e-01
1.423972868046668304e-05 1.952420136407298718e-03 4.400626151557225363e-01 -1.919264229908657915e-01 3.386398333404391225e-01
2.778239004059340973e-05 1.828155561763650239e-02 -2.470098119076652443e-02 5.159832064905295335e-01 2.828828285090416172e-01
4.318777398695635225e-05 -1.579310018797296100e-02 -3.622681554375395963e-01 -2.163678325538666014e-01 3.859488610727615510e-01
3.050044931567219230e-05 9.876224191643701630e-04 6.492132224290036481e-03 8.093359128096423282e-04 1.779317504895918355e-03
-2.393942582002372109e-05 -2.661331002393466354e-03 -4.967260435018694062e-03 -8.094348420904819152e-03 -3.602864156946273579e-03
3.157821116903309407e-05 2.889859180558511549e-03 7.406859536224085112e-03 2.307381279066880991e-03 -7.049320427224459347e-03
-6.308003591555995393e-05 -9.334992307011565765e-03 -7.571645976280391710e-03 -1.641577528416162573e-03 -3.892144044706905438e-03
1.445006410090235324e-05 2.982132780460141144e-03 -2.233421246698257499e-04 -1.162847992239223133e-03 2.203348904109530670e-04
