-1.137476563063377810e+01
-3.559960853835013594e+00
1.553688537086018862e+01
1.750822586185891083e+01
-3.685944897232492412e+00
-6.982039552032547114e+00
3.072233262452657243e+01
-6.721576039206148323e+00
-4.582230622216609106e+01
1.276927845296059338e+01
3.151021668409442000e+01
5.373534814402610493e+00
-7.582957784867722317e+00
1.852711242373191780e+01
-2.786550668399767616e+00
5.839562837045310317e+00
5.124675151912314597e-01
3.452327995704780328e+00
8.012944945671815589e+00
-6.479141182894969653e+00
-3.710362814941548848e+00
-1.433169365784729443e+01
2.198557509193859616e+01
-2.261343690544380891e+01
4.032247651046744430e+00
-1.937602304302919798e+00
-9.444262740937444889e+00
-8.998966293640814129e+00
1.699333770476860650e+01
1.349805564683700254e+01
-6.879524874872275930e+00
-2.962170532901432729e+00
3.113121963150093308e+01
-2.393449954633143406e+01
1.312808523233474034e+01
-5.536356838513247780e+00
6.642000350183754342e+00
3.891235376218679320e+00
1.208893063402313217e+01
-7.658037596052887253e+00
1.331506385646657975e+01
-2.093024425963786683e+01
-8.064796253262064951e+00
8.431509391121716490e+00
1.317950494484912838e+01
3.766354930554243641e+00
3.510851555741413832e-01
-1.293479803531683459e+01
-4.209661790135395876e+00
7.970079986941707162e+00
-1.486860618238284637e+00
1.394663818054299753e+01
-3.746122363319081217e+00
-1.637712140445084685e+01
1.678704999771198692e+00
-2.589167114327709740e+01
-2.538662883029268791e+00
-2.260707763260393932e+01
6.843403568464812459e+00
-1.648271113667796328e+01
-1.310296675264528421e+00
-2.284326631906645844e+01
-2.335283319730761864e+00
-7.040642401493251157e+00
4.128655603080160219e-01
-2.558554078059232850e+00
7.457979284073307902e+00
-2.130494382836559097e+01
-2.758880950838539015e+00
-2.681998532052241657e+01
1.826080009249608693e+01
1.792665946051796411e+01
-1.202351992247805690e+01
2.630234150191762321e+00
3.619884963830120483e+00
-6.709840717590277670e+00
-1.973846647885414640e+01
5.567402698514966275e+00
1.246578324454651110e+01
1.753701025008194847e+01
-9.910358297176076192e+00
-1.134749111362545415e+00
-1.271799615645637482e+00
1.521363106098733908e+01
1.261455155960337216e+01
-2.159653824388445642e+01
1.449550143791719314e+01
2.789998517214250029e+01
7.056160643186000669e+00
-7.670247143220980668e+00
-8.549187723750529599e+00
-1.091434402856671504e+01
1.356740612186702144e+01
2.342631412465411245e+01
-6.702392709397677617e-01
-2.264692461984507688e+01
1.477075665753239875e+01
-1.184076321913704533e+01
1.682263751991768075e+01
5.685139341968853399e-01
-4.764856157695499306e+00
3.484905188434456846e+00
8.722670134635317041e+00
-1.846114785837922767e+01
-2.965526023142261103e+00
-1.252547407028516702e+01
4.300755974979986185e-01
-1.475208758823010236e+01
-1.200671986548618619e+01
2.101254964193552510e+01
9.275403242980152285e+00
-2.483820978880871166e+00
-3.666589316366504203e+00
1.951897227419729219e+01
2.981042221847464369e+00
4.617404079139254769e+00
1.452277566578171974e+00
2.660937760273179009e+01
-1.551822906938619973e+01
-7.387381317111456625e+00
6.566425547656419504e+00
-1.989009628285820597e+01
1.991811726187392040e+01
-1.108405609424393923e+00
-8.201336956402176526e+00
-1.139841495999061216e+01
-2.245169838236312643e+01
-1.082397394479018438e+01
9.057627078337578297e+00
-2.177058173373304761e+00
5.914094519993618349e+00
1.329895291433690563e+00
-1.429796402714273995e+01
2.441377086573278987e+01
6.598342422302744481e+00
-7.574767409806744567e+00
-1.920434197434336854e+00
2.884250397488558448e+01
-1.619359302209155516e+01
-1.563405617685703142e+01
3.709470251219125547e+00
-1.994716239171955152e+01
1.300772907906113929e+01
-3.664082253769362918e-01
-5.243152479862434490e+00
5.282245733487827444e+00
3.903150369628785477e+00
-1.932294159554472657e+01
2.279927372027493604e+01
3.054061583164422089e+01
-2.019540048680495303e+01
-1.434567217176902165e+00
6.323708378902798799e+00
1.020482657294077811e+01
5.813685456230128779e+00
-2.150624176598140647e+00
-2.261061683431906033e+01
1.729210263565592598e+01
-9.464144076578983045e-01
-4.102225886260191245e+00
4.060675131796943305e+01
-1.271823926969646834e+01
1.447832343884078199e+01
6.151988600951791675e+00
3.634866532332239331e+00
1.164087565697611737e+01
3.057437853889327428e+01
1.448775668265591454e+00
-1.752569561509536200e+01
1.817470958730413244e+01
9.958216695824024356e+00
-1.811219969039765232e+01
-2.857463862243822561e+01
3.406528073059116757e+00
6.595645245282669933e+00
-1.104492269235012003e+01
6.227730331757156179e+00
-1.780730891886963363e+01
2.317160192759061488e+00
3.807157722618043749e+00
1.361741273688151566e+01
-4.468730447873875278e+01
6.017549730406797082e+00
2.205058722979737240e+01
-1.968118066712268188e+01
1.092774027610221133e+00
-3.059799709745055551e+00
3.036964575196112293e+01
-3.321235733251666211e+00
-4.991092503910934397e+00
4.003011296315803769e+00
1.086639898918276792e+01
7.232042568114250614e+00
-2.055377597591328609e+01
-1.763957514594957132e+01
-3.205008486056672723e+01
-1.282717399427258798e+01
6.750923321758044438e+00
3.718315923388118005e+00
-6.737995856752467816e-01
-2.789990282459477555e+01
-2.315305722106388409e+00
4.715964830012120856e+00
4.911309328475801550e+01
2.406453469603345852e+01
1.422747477239397718e+01
5.474087332643374992e+00
1.496652430102323184e+00
7.108391451168809549e-01
3.759448589671946284e+00
2.789774095739511139e+01
1.636082012632838145e+00
1.829529392829584822e+01
3.172744229737557209e+00
-1.609230602744304406e+01
9.955698514357175455e+00
4.279468335837731274e+01
-6.640551729028813632e+00
1.365418214354558124e+00
2.730831911974396675e+00
-7.816030733890427129e+00
-4.682503529253503771e+00
5.670312844975302191e+00
-4.358217500365194397e+00
-1.596389490889744245e+00
1.840284371244359729e+00
-6.839140596276776840e+00
-2.648858012439526988e+01
-4.443865223337423487e+01
-9.163015492205490276e+00
-9.302975714381592098e+00
1.761986847609653140e+01
5.082269874999428616e+00
2.071915640339598852e+01
-3.484483003932783429e-01
-4.282897364542186835e+00
2.132987233884644240e+01
-2.505876825570017452e+00
-1.081870899352421134e+01
-2.016225019707226096e+01
5.636576016802142597e+00
-3.596338724582412993e+00
1.054030689349937333e+01
1.338137453651407238e+00
-7.856790208464667913e+00
-1.142331805361474828e+01
-5.765693407069578669e-01
-2.392439788621746333e-01
1.737491271579731045e+00
3.527911966570359681e+01
-2.446308020396746485e+01
1.706675273414104055e+01
-7.941463415049121899e+00
8.868190112308262485e+00
1.175759139471608350e+01
-9.116099700715052379e+00
5.619272817777344997e+00
-1.690066434566053211e-01
1.460464398167759548e+01
-4.121610052293888771e+00
-7.947548312076713195e+00
1.563375206947289975e+01
1.830184193417793281e+01
1.245883209222933807e+01
-9.321356549989397777e+00
1.211982985997085294e+01
-4.446425821172010906e+00
8.031360672857934091e+00
-1.992031659604117433e+00
2.235448741372048787e+01
9.613038619938196305e+00
9.262292444790544366e+00
-2.028797918631655151e+01
2.348933791247800329e+01
3.953489258968801323e+00
-7.852894180728719142e+00
2.016232390483624215e+01
2.134779397723330518e+01
-3.842071371754659737e+00
1.027285180743743176e+01
2.543720999649795544e+01
3.495040600315689261e+01
-9.113571096537654848e-01
-1.404078674314245667e+01
-6.565379633967005191e+00
-7.855360436283356229e+00
1.636502347399457236e+01
-1.758619766686094010e+01
2.018707469723063141e+01
-1.767915040342677813e+01
7.591704052086171828e+00
-3.831105519233846124e-01
2.902078358505204125e+00
-2.181326284123320747e+00
-7.158776494427612214e-01
1.297481425272372313e+01
-4.139470285030190766e+00
-6.804800268111307560e+00
-1.143532757942882405e+01
-1.600930143018064911e+01
-1.162829000351156994e+00
2.400141936043677315e+00
-2.479420745226341083e+01
-2.135819897000613032e+00
1.253472646997919071e+01
-9.883436177977825920e+00
8.996294974974366809e+00
-2.089966012415937158e+01
-2.809387174314026847e+00
2.266131180372239484e+00
-2.576352247921914529e+00
-1.262665449970469567e+01
4.038385032699226551e-01
-1.153915229302600309e+01
-5.098018368965726133e+00
2.203589884634531515e+01
3.594144641349284797e+00
-8.370682673962782872e+00
3.595367401559448339e+00
1.171945086638806011e+01
1.859295540618202836e+01
-2.093899534145250385e+01
1.834309564272238902e+01
-9.299112743965254779e+00
1.915223560384143298e+01
-4.887885664872039015e+00
-4.519144496975491698e+00
-2.345343917990615257e+00
1.401090552235573217e+00
-1.520420643994800969e+01
-4.900933165317494122e+00
2.335234438404322788e+01
-1.388892821417930001e+01
1.421554380550342334e+00
8.046363591532314175e+00
-2.910727777757078805e+00
-5.449395540040411490e+00
9.057621608416065229e+00
1.888407683675035997e+01
-2.731365307767764872e+00
-6.723691811888893533e+00
1.067388262323869697e+01
-2.122146424447048219e+01
-1.209246727620650752e+01
9.780327262715108105e+00
1.236537639694756052e+01
2.961552906106843963e+00
-1.372452153587222234e+01
2.140917161766564547e+00
2.440642589392700756e+01
-1.468198025258444872e+01
-9.826687293121729283e+00
-9.726106232645051364e+00
-3.855015840002238847e-01
-2.204089079283293273e+01
-1.503829206594514645e+01
4.076976719633174540e+00
4.941027572378200894e+00
-3.939875749937508331e+00
-1.028550929764791233e+00
-1.945219642529052706e+01
8.529675491525120279e+00
5.029752638378223395e+00
-4.185406406109246191e+00
-3.044607791472870417e+00
-1.883489887102582117e+01
-2.747568874717245180e+01
-8.289036390415178701e+00
1.982011357247774086e+01
-6.975649348562962260e+00
-9.137694332345548176e+00
1.555741038734776538e+01
-1.051361074027957976e+01
-1.869913725442158281e+00
-7.889023065041721239e+00
-1.763386370725672503e-01
5.031327825215724303e+00
-1.059507603424031785e+01
4.246379801582946811e+00
-2.174590164201454456e+01
-7.726766050833235866e+00
9.625926661736614043e-02
6.106338644019278838e+00
-2.099606930812110406e+01
1.055967141554935118e+01
1.048957304274570390e+01
-1.596980104903731323e+00
-1.376671413119504805e+01
-5.178276936785876750e+00
1.144600169795524103e+01
-2.755516080977984572e+01
-2.505370221637931216e+00
3.080880001681827629e+00
-6.815234655990568768e+00
-2.884568702755307079e+00
5.105750376504305521e+00
-2.133259656594389853e+01
1.354110839577459835e+01
1.700978551016046580e+01
-2.443789687723766590e+00
-6.507094416504469514e+00
-1.710487535902005263e+01
7.364573107282859077e+00
2.064416696038376386e+01
2.184003158792948796e+01
7.962804647639019073e+00
6.474223834864178961e-03
-4.165066141557448809e+00
-9.227992380330329425e+00
-1.623220881475419120e+01
-4.016412358836850771e+00
-1.210117056435194627e+01
-3.849423062210177715e-01
1.038945605241696413e+01
-5.863876871013507852e+00
-7.790781478298675289e+00
-6.638900728453945632e+00
-2.359626857306226011e+00
2.724955813827420670e+01
8.715033869955393087e+00
1.869735833116282464e+01
3.533655446381551712e-01
5.671606083562629408e+00
-1.452831359038155767e+01
-3.995382657367072099e+00
-9.831528492588471835e+00
-4.159029985300693788e+00
-9.481421873838485226e+00
1.620728645931384193e+01
-2.252415095997824857e+00
-3.110840692456077416e+00
-9.748956292584542993e+00
-1.503828961860433822e+01
2.081908738834486883e+01
-1.272865878996173317e+00
8.327792018535854268e+00
-1.617245503839181708e+01
3.203391812323531429e+00
-9.268305180601036142e+00
-5.108033663386387424e+00
-3.879832560067811187e+01
3.922394243516107881e+00
-1.937597752638238191e+01
3.961834760841162151e+00
1.334127355528859660e+01
-1.314756363444142373e+00
-4.075518052668714475e+00
-7.320605300227989165e-03
-1.894108629290828816e+01
1.010019831070867369e+01
1.587710059131788753e+01
-1.241052519237537588e+01
-4.872529746238084769e+00
-8.283560097048582094e+00
-1.900818551665560108e+01
3.156886745121937565e+00
-8.306836106507685002e+00
-4.757776165114476541e+00
