1.000693365176009708e+00 -4.323903014614044471e-02 3.377440951054280684e-03 2.178284341104778487e-03 8.901307659432257727e-04
9.797125434780199534e-04 4.026176760917507536e-01 -5.330859917820598461e-03 2.120862591877023876e-02 -3.601302684270958707e-03
-2.496525065618223401e-03 6.735031011813122914e-01 -2.383583689759238497e-02 1.292309793403770106e-02 -8.786790638688469351e-03
-7.528106747882683367e-05 -1.063062356726578346e-02 -2.560992015792617482e-01 2.936125737414313486e-01 4.255601776808982106e-01
-1.511808937578983645e-04 -1.855150126487078652e-02 -2.065343978313163853e-02 4.619197504370335938e-01 -3.176080130340884211e-01
7.879980993404636029e-05 1.860220180701456158e-02 5.249135784255710702e-01 1.276584556250587588e-01 1.977425657321339736e-01
4.151501003905263408e-06 -1.091624081197855277e-02 -2.357440134934221665e-01 2.907351394709137837e-01 4.392822744562178694e-01
2.708420587309276730e-05 -1.895176313851962627e-02 6.889827742470961726e-03 4.894649974102790457e-01 -3.341384327987275693e-01
-2.817374559568627164e-05 5.557038990750860080e-03 5.183724503655247062e-01 1.613830949390668290e-01 2.010446677159005435e-01
2.272662828156086012e-05 2.988660312332976510e-03 4.645119537239295222e-03 -5.822739665002819691e-03 -3.605342446301312408e-03
-3.842783793601560097e-05 -2.500389517922252391e-03 -9.548353270559037723e-03 2.700074950062077844e-03 -5.239155826507676215e-03
3.086990478418559448e-05 5.937767499755238106e-03 2.137771056983201693e-03 2.723163750821622122e-03 1.533847736938758789e-03
-5.357847187174175492e-05 -7.424104410688821439e-03 -7.177675398046185970e-03 4.516705154186179648e-03 4.522578110313638620e-03
2.513656192571443659e-05 1.728978652289449389e-03 2.993395404619635363e-03 2.042647201832456429e-03 -4.501848012725346952e-03
