1.000008152637628545e+00 2.911232548061637557e-04 1.660825683251496510e-06 -2.863933305314941059e-06 6.476601988481477215e-06
-9.690099152629512428e-06 1.004615940079902403e+00 4.981498081026532925e-05 3.285258328862928690e-05 1.112709937211000188e-04
6.711877406898250964e-06 -3.890858360665886339e-04 -6.791018463739362297e-05 9.389340751664859025e-05 -5.330685651777380783e-05
-2.623134161958102584e-04 -1.867068119026280698e-02 -1.073062117424078199e-04 1.806300386502242533e-04 -2.449618275784182036e-04
-1.683101790070932033e-07 1.403325245167487134e-05 -5.905050959802536914e-01 -5.724724233265909845e-01 5.682566007975112798e-01
-6.401939523352909046e-07 -6.215202336737670212e-05 7.883602286492514821e-01 -2.604829564766103500e-01 5.566758630945390918e-01
-2.124709041676585712e-07 -7.092819164099846278e-05 -1.708002508249047424e-01 7.769684525272100295e-01 6.051975164099060445e-01
-7.627447853279893215e-07 -1.151530283763509653e-04 4.378897928038374965e-03 4.428134523987613085e-03 -4.736536209024082289e-03
-1.235433574713303690e-06 -2.018778226124199324e-04 -6.122942129504734335e-03 1.871644316561129088e-03 -5.070233664391539559e-03
3.581486464824473345e-07 3.693031489304849263e-05 1.120822544628396903e-03 -6.427634455757286723e-03 -5.619766566441111028e-03
-1.563716791512103396e-06 -1.468579054923571680e-04 4.398460391431982183e-03 4.195276624001422969e-03 -4.335575530380665968e-03
-2.528205587822603919e-06 -2.339892687695573764e-04 -5.835464669808176214e-03 1.966577090431854882e-03 -4.141231343626319665e-03
1.409082670804434264e-08 1.726027896703492506e-05 1.314965227891708079e-03 -5.562485130808403865e-03 -4.423591726962879805e-03
-2.361973880957102033e-06 -3.106002844957407279e-04 -3.935704762723076585e-04 1.654102664130480387e-04 -1.026813594389740155e-04
-3.737889601896217295e-06 -4.813058131993631678e-04 1.065654787394240466e-04 -1.778771620130225838e-05 3.255117168915456463e-04
-1.570371360958287028e-06 -1.762692570537764333e-04 2.038231173784990950e-04 -2.448183929364159349e-04 2.254871210405650674e-04
-2.298083837890231830e-06 -3.161980418178079078e-04 1.651514866855393812e-04 5.418271223930018222e-05 2.527731759237108818e-05
1.093722629838630629e-06 1.341676839058324156e-04 3.400799282936916657e-04 -3.921214265376326289e-04 2.776897459295752865e-04
