4.447763597336493291e+00
1.252183558737738900e-01
4.907279240937588716e-01
1.329634348529989962e+00
-2.308919241516742105e+00
1.758189623191865003e+00
-3.269478618471197251e+00
2.508325751522590963e+00
-1.693062873085581010e+00
-5.120847942806444841e+00
-4.071365222981536469e+00
-1.925043240345376772e+00
-5.210185433560331703e+00
-5.350144376869559792e+00
-4.289696513598467043e+00
-5.722302080000991609e+00
-6.174274632379289862e+00
-4.612251117651237742e+00
-4.865984685245774877e+00
-4.712896189433856797e+00
-5.012287757752027950e+00
-3.369701746677485232e+00
-5.061816052383574238e+00
-4.207635403405292962e+00
-1.787231413661575896e+00
-1.879411926175013514e+00
-1.414210083884311020e+00
-1.949002806200935245e+00
-1.839951556627329010e+00
-1.978600682302825486e+00
-2.275405368079509660e+00
-3.646388982166138160e+00
-1.754327051517586833e+00
-3.763672992085345115e+00
-3.403213035981098145e+00
-4.582602395117158167e+00
-1.891279557257494082e+00
-1.868135059826048661e+00
-1.719672580050163546e+00
-1.673535514896723919e+00
-1.538847039787262450e+00
-2.158308909835479739e+00
-3.457276285976961239e-01
-8.315922030249288666e-01
-1.095760897063615125e-01
-5.856234232532828710e-01
-3.762250032910966491e-01
-4.932490387717765046e-01
6.716778736006535411e+00
5.607161210486997227e+00
2.128681693196094127e+00
3.189771539417038060e+00
6.322262880257306650e-01
4.557619256532832175e+00
-2.700497702834148139e-03
-2.207438563469082737e+00
1.657616533286188298e+00
2.062071056714731121e+00
-5.025552296929497453e-01
3.171921043861718914e+00
6.464273454107754002e-01
3.193484789407456059e+00
5.436424362649749931e+00
3.063123478268406252e+00
4.573365311921681275e+00
-6.224710415284130383e-01
2.431911042322420613e+00
5.302014388635635456e+00
1.940078357685261601e+00
3.177009900704692136e+00
2.290526684987615358e+00
1.976291756939342337e+00
-1.439331538267040855e+00
-6.604643038107540498e+00
-5.792101457653423324e+00
-5.695985347600950988e+00
-1.011277235486808834e+01
-2.634302081177795962e+00
-4.488483282350316905e+00
-3.641195686141293741e+00
-6.668287763952414515e+00
-3.665425094207075851e+00
-3.627418590012413624e+00
-3.436738918783633245e+00
1.449277431882272982e+00
4.688819789562779783e-01
2.219551690370027974e-02
1.730415734153638585e+00
4.472684111162568144e-01
-8.613600648068361343e-01
5.886487060855154496e+00
-7.009823587132514078e+00
-4.541839602584924585e+00
-1.285882245997779627e+01
-1.751989224409141510e+00
-1.522358767743129393e+00
-5.716735850683027920e+00
-7.139714715335667705e+00
-6.674799174875974295e+00
-5.198756675699331531e+00
-7.981121742576928746e+00
-9.004900129645900364e+00
-1.158268620911153013e+00
1.261671955215990071e+00
-5.675392048665963696e-01
-5.886183505187140286e-01
-3.417423369368538744e+00
-9.189033289566495011e-01
-7.892770712270280598e+00
4.090930239992337292e+00
-1.244316815583104585e+01
-9.861222100195226048e+00
-6.511470877658322109e+00
-6.379186265784684728e+00
-7.800092740378126166e-01
8.319713365898978585e-02
-5.142058343177632329e-01
-4.747406131227882020e-01
4.318750724917784778e-01
-9.580110430302218871e-01
4.092056316506449853e+00
-1.090991263045945514e+00
1.213577334482040415e+00
-9.779381311213821704e-01
-5.336447866544654639e-01
1.754159406780111619e+00
2.095992192730724568e+00
6.498501046471944598e+00
9.227694390117484602e+00
5.102920518577826137e+00
7.150476697059583664e+00
7.011761812874251376e+00
2.465712129663756025e-01
3.366527868055502748e-01
-1.253019869846947687e+00
-1.300792106879302690e-01
-2.099989334666671481e-01
1.409025783722742120e-02
-1.406145865973946529e+00
-2.434209332195876208e+00
-1.620823311603389660e+00
-1.738855448131637171e+00
-5.223772130686197279e-01
-7.544338037718463674e+00
-1.064416291230713130e+00
-3.900098216226029813e+00
-2.409243057250733067e+00
-2.869516500020889982e+00
3.417248567649957103e+00
-5.866505120805408424e+00
-2.071941521558466004e+00
-4.641782166072791149e+00
-5.089782099210736988e+00
-6.250276929939493797e+00
-6.894569875764871902e+00
-3.776922804872518746e+00
-4.842655567101064484e+00
-1.346275187028332532e+01
-6.961764285144337983e+00
-7.394971480708877998e+00
-1.697512507987938957e+00
-7.399798884402084553e+00
-2.143370067109320320e+00
-3.968240260301699962e+00
-4.733159132741404207e+00
-3.288341440185200693e+00
-4.254235914475259506e+00
-2.826164971827564987e+00
-1.928806664528750936e+00
-1.224362502730728108e+00
8.364986801134347005e-02
-1.431533635001066340e+00
-3.884842952758384094e+00
-1.605359844622867405e+00
-5.383556873594169900e+00
-4.669291588042594476e+00
-4.222841434906244196e+00
-6.277370440612688895e+00
-3.057933589161747179e+00
8.491987326090821853e-02
3.936045066240852819e+00
1.647441845024926632e+00
-3.115228428038292918e+00
3.543373655976318481e+00
2.913936361431288535e+00
-3.876301554470723554e-01
-1.883496116110816576e+00
2.286248001288554210e+00
5.356068982614424101e+00
-1.824403516128596081e+00
4.678104572107570469e+00
4.372259094117953993e+00
-2.762571074569777352e-01
3.640998287194769034e+00
7.429762280071948055e+00
-8.746258789600640071e+00
3.839870917345680645e+00
7.145183007699738909e+00
1.964622175573706553e+00
2.974639802244900544e+00
-4.639387650712602174e+00
2.403040683781572984e+00
2.470681750728711545e+00
4.306284011144498436e+00
2.270974508650363433e+00
1.248367521898988386e+01
-1.679787009533369257e+01
3.009410393010591989e+00
1.331371957336583645e+00
-5.281804607558477471e+00
1.322026155273974712e+00
1.320598426898745847e+00
6.079991351764963525e+00
1.618351284549081281e+00
2.697801366298588022e+00
7.278673137893419742e+00
6.254409188284940413e+00
4.914383636550616608e+00
2.631925845636633010e+00
9.285623308084552940e-01
2.976136890372338417e+00
1.859939689615891512e+00
1.563865242750318796e+00
4.295805763650692555e+00
2.516741463043449478e+00
3.213598274093207419e+00
4.444443649484561831e+00
2.237720630574116409e+00
1.069230654357475330e-03
3.978715902432974794e+00
3.104712050475705976e+00
-2.171537036493948580e+00
1.022276597406259313e+00
-5.296397241143649959e-01
7.290048451300949139e+00
9.103522618651320286e+00
-5.168378109567999701e+00
-4.506549458402195896e+00
-2.030787378506240248e+00
-8.222767391991428809e+00
5.659841136683182228e+00
-2.239973951346791115e+00
2.182996787237835301e-01
7.480034756653683559e+00
-7.455414538714067341e+00
-4.429887149926523549e+00
2.728631159402872264e+00
-3.089978968900564116e-01
1.034850283390170667e+01
-1.183065081690307885e+00
4.434696731927047914e-02
-2.504342927447426703e+00
9.961115335488297973e+00
4.622962300072554598e+00
1.074318829632118621e+01
-1.111405914985658550e+00
-4.659045131818636776e+00
7.184567888619119991e+00
1.017953551068458573e+01
-1.521587261356280418e+00
7.387984524055605462e+00
-1.521655728780614503e+00
-1.334832706421064330e+00
3.439739355871652471e+00
3.679198967035090639e+00
-3.737650130173780116e+00
1.367737434773170335e+01
2.959528130468989104e-01
5.913876764102912742e-02
-1.170277420365224863e+00
-3.102999912091029877e+00
-9.216979258219755167e+00
3.786756696220945795e+00
-3.469796908318707906e+00
1.225663675640702621e+01
7.520330238933043532e+00
-2.816460516349345689e+00
-3.492533876930249193e+00
1.335715202178133554e+00
8.458397997829290915e+00
1.691545595740968722e+01
-1.653599732163122393e+00
8.930291680163296775e+00
1.381485542173967396e+01
7.165972387392140597e+00
7.921835471002762752e+00
4.700323369754155323e+00
7.985000738093529726e+00
3.259939046613565261e-01
2.027878233139037700e+00
1.497423526212954048e+00
7.253821264200989161e-01
8.580412393209665423e-01
2.373673419162520393e+00
6.806482581761988726e+00
-1.082397442867683024e+00
2.431872316359843467e+00
8.095065492856855727e+00
5.207107610890148841e+00
-8.260868985127753916e+00
6.931975518399953629e+00
5.489492836726869385e+00
8.074877464786972547e-02
5.889943837054360642e+00
4.312480851842798835e+00
7.123862283324631228e+00
-3.130221338220640526e+00
-2.118038436605212294e+00
-4.799385654640882848e+00
-1.115461709137747226e+00
-3.047023103317792359e+00
-2.933444057844102337e-01
-1.817553264282327774e-01
-7.966871296570174010e+00
1.001997344901217168e+01
-4.058947376161634590e-01
-3.023414175838026630e+00
3.051360350217745765e+00
